# loop_thre: 8.0 rad
# *: Removed w/o ref, **: No ref, ***: Removed w/ ref
# /: Candidates of bad loops but causative ifgs unidentified
# image1   image2   image3 RMS w/oref  w/ref
20141009 20141102 20141126     3.01    3.00    
20141009 20141102 20141220     1.03    1.03    
20141009 20141126 20141220     2.38    2.39    
20141102 20141126 20141220     3.87    4.77    
20141102 20141126 20150501     3.50    3.46    
20141102 20141126 20150525     2.95    2.90    
20141102 20141126 20150618     0.90    0.98    
20141102 20141220 20150501     1.72    1.72    
20141102 20141220 20150525     2.34    2.28    
20141102 20141220 20150618     2.37    2.35    
20141102 20150501 20150525     1.83    1.81    
20141102 20150501 20150618     0.96    1.01    
20141102 20150525 20150618     3.09    3.17    
20141126 20141220 20150501     2.33    2.38    
20141126 20141220 20150525     1.35    1.41    
20141126 20141220 20150618     4.79    4.86    
20141126 20141220 20150712     1.96    1.98    
20141126 20150501 20150525     2.46    2.45    
20141126 20150501 20150618     3.57    3.58    
20141126 20150501 20150712     2.07    2.08    
20141126 20150525 20150618     1.16    1.16    
20141126 20150525 20150712     0.99    1.00    
20141126 20150618 20150712     2.62    2.67    
20141220 20150501 20150525     4.41    4.88    
20141220 20150501 20150618     3.80    3.79    
20141220 20150501 20150712     2.04    2.04    
20141220 20150501 20150829     3.34    3.36    
20141220 20150525 20150618     4.47    5.21    
20141220 20150525 20150712     2.83    2.80    
20141220 20150525 20150829     5.22    5.24    
20141220 20150618 20150712     5.36    5.46    
20141220 20150618 20150829     1.88    1.88    
20141220 20150712 20150829     4.16    4.27    
20150501 20150525 20150618     3.93    4.33    
20150501 20150525 20150712     1.52    1.51    
20150501 20150525 20150829     4.36    5.85    
20150501 20150525 20151016     1.60    1.62    
20150501 20150525 20160519     3.26    3.23    
20150501 20150618 20150712     5.04    5.12    
20150501 20150618 20150829     2.97    3.01    
20150501 20150618 20151016     1.29    1.32    
20150501 20150712 20150829     5.35    7.73    
20150501 20150712 20151016     2.43    2.47    
20150501 20150829 20151016     4.12    4.14    
20150525 20150618 20150712     4.60    4.56    
20150525 20150618 20150829     2.39    2.40    
20150525 20150618 20151016     3.14    3.08    
20150525 20150618 20151109     3.67    3.73    
20150525 20150712 20150829     3.67    4.01    
20150525 20150712 20151016     2.75    2.73    
20150525 20150712 20151109     1.59    1.62    
20150525 20150829 20151016     2.55    2.61    
20150525 20150829 20151109     2.89    2.89    
20150525 20151016 20151109     1.87    1.96    
20150618 20150712 20150829     7.91    7.93    
20150618 20150712 20151016     3.32    3.38    
20150618 20150712 20151109     5.53    5.67    
20150618 20150712 20151203     2.31    2.31    
20150618 20150829 20151016     3.03    3.13    
20150618 20150829 20151109     3.73    3.80    
20150618 20150829 20151203     2.15    2.19    
20150618 20151016 20151109     2.64    2.64    
20150618 20151016 20151203     2.47    2.46    
20150618 20151109 20151203     4.88    4.98    
20150712 20150829 20151016     3.38    3.37    
20150712 20150829 20151109     2.04    2.05    
20150712 20150829 20151203     1.53    1.54    
20150712 20150829 20151227     1.96    2.03    
20150712 20151016 20151109     3.23    3.25    
20150712 20151016 20151203     2.38    2.48    
20150712 20151016 20151227     1.34    1.33    
20150712 20151109 20151203     0.94    0.94    
20150712 20151109 20151227     2.76    2.71    
20150712 20151203 20151227     4.03 /  4.10    
20150712 20151203 20160401     2.66 /  2.58    
20150712 20151227 20160401     1.48 /  1.48    
20150712 20160401 20160706     1.91    1.88    
20150712 20160401 20160730     3.17    3.30    
20150712 20160706 20160730     2.14    2.12    
20150829 20151016 20151109     3.28    3.28    
20150829 20151016 20151203     3.31    3.48    
20150829 20151016 20151227     2.60    2.62    
20150829 20151016 20160120     2.82    2.90    
20150829 20151109 20151203     1.23    1.23    
20150829 20151109 20151227     2.61    2.61    
20150829 20151109 20160120     3.36    4.67    
20150829 20151203 20151227     3.93 /  4.78    
20150829 20151203 20160120     2.77    2.81    
20150829 20151227 20160120     2.85    2.86    
20151016 20151109 20151203     4.51    4.75    
20151016 20151109 20151227     2.03    2.04    
20151016 20151109 20160120     3.98    4.12    
20151016 20151109 20160213     1.62    1.63    
20151016 20151203 20151227     5.23 /  5.31    
20151016 20151203 20160120     3.49    3.67    
20151016 20151203 20160213     2.73    2.91    
20151016 20151227 20160120     3.35    3.35    
20151016 20151227 20160213     2.88    2.92    
20151016 20160120 20160213     1.58    1.58    
20151109 20151203 20151227     3.89 /  6.41    
20151109 20151203 20160120     3.64    4.78    
20151109 20151203 20160213     3.17    3.18    
20151109 20151203 20160308     1.38    1.49    
20151109 20151227 20160120     4.01    4.82    
20151109 20151227 20160213     2.86    2.81    
20151109 20151227 20160308     2.31    2.31    
20151109 20160120 20160213     3.23    4.32    
20151109 20160120 20160308     3.94    4.66    
20151109 20160213 20160308     2.85    2.91    
20151203 20151227 20160120     3.30 /  5.46    
20151203 20151227 20160213     3.89 /  5.01    
20151203 20151227 20160308     3.83 /  5.85    
20151203 20151227 20160401     6.63 /  9.41    
20151203 20160120 20160213     3.19    3.20    
20151203 20160120 20160308     2.46    2.46    
20151203 20160120 20160401     4.26 /  5.22    
20151203 20160213 20160308     2.08    2.08    
20151203 20160213 20160401     3.84 /  4.99    
20151203 20160308 20160401     3.93 /  4.45    
20151227 20160120 20160213     0.99    0.99    
20151227 20160120 20160308     1.88    1.89    
20151227 20160120 20160401     1.37 /  1.37    
20151227 20160120 20160425     2.58    2.58    
20151227 20160213 20160308     1.81    1.86    
20151227 20160213 20160401     1.27 /  1.27    
20151227 20160213 20160425     2.51    2.51    
20151227 20160308 20160401     2.05 /  2.05    
20151227 20160308 20160425     2.10    2.09    
20151227 20160401 20160425     2.60 /  2.59    
20160120 20160213 20160308     0.48    0.49    
20160120 20160213 20160401     0.53    0.53    
20160120 20160213 20160425     1.12    1.12    
20160120 20160213 20160519     2.87    2.99    
20160120 20160308 20160401     0.54    0.55    
20160120 20160308 20160425     0.95    0.95    
20160120 20160308 20160519     3.76    3.97    
20160120 20160401 20160425     1.12    1.12    
20160120 20160401 20160519     2.58    2.62    
20160120 20160425 20160519     3.54    3.86    
20160213 20160308 20160401     0.35    0.39    
20160213 20160308 20160425     1.35    1.36    
20160213 20160308 20160519     2.69    2.72    
20160213 20160308 20160612     2.68    2.65    
20160213 20160401 20160425     0.41    0.41    
20160213 20160401 20160519     2.71    2.74    
20160213 20160401 20160612     4.25    4.25    
20160213 20160425 20160519     2.36    2.44    
20160213 20160425 20160612     2.97    2.91    
20160213 20160519 20160612     2.94    2.90    
20160308 20160401 20160425     1.34    1.34    
20160308 20160401 20160519     3.95    3.97    
20160308 20160401 20160612     3.30    3.27    
20160308 20160401 20160706     3.70    3.83    
20160308 20160425 20160519     1.47    1.46    
20160308 20160425 20160612     1.98    1.98    
20160308 20160425 20160706     2.87    2.85    
20160308 20160519 20160612     2.88    2.88    
20160308 20160519 20160706     1.56    1.56    
20160308 20160612 20160706     2.00    1.99    
20160401 20160425 20160519     3.53    3.70    
20160401 20160425 20160612     3.15    3.25    
20160401 20160425 20160706     3.48    3.71    
20160401 20160425 20160730     3.43    3.53    
20160401 20160519 20160612     2.95    2.94    
20160401 20160519 20160706     3.99    4.00    
20160401 20160519 20160730     3.36    3.40    
20160401 20160612 20160706     1.91    1.94    
20160401 20160612 20160730     1.25    1.26    
20160401 20160612 20161004     2.82    2.83    
20160401 20160706 20160730     3.77    4.13    
20160401 20160706 20161004     2.79    2.88    
20160401 20160706 20161028     3.47    3.59    
20160401 20160706 20170408     5.67    5.74    
20160401 20160706 20170420     7.90    7.95    
20160401 20160730 20161004     2.03    2.02    
20160401 20160730 20161028     1.16    1.24    
20160401 20160730 20170408     2.17    2.22    
20160401 20160730 20170420     5.61    6.73    
20160401 20161004 20161028     2.70    2.66    
20160401 20161004 20170408     5.02    4.98    
20160401 20161004 20170420     7.09    7.04    
20160401 20161028 20170408     1.95    1.95    
20160401 20161028 20170420     6.58    6.54    
20160401 20170408 20170420     4.54    4.74    
20160425 20160519 20160612     1.62    1.61    
20160425 20160519 20160706     3.79    3.79    
20160425 20160519 20160730     4.45    4.60    
20160425 20160519 20160823     1.94    1.96    
20160425 20160612 20160706     3.67    3.67    
20160425 20160612 20160730     5.18    5.43    
20160425 20160612 20160823     3.51    3.72    
20160425 20160706 20160730     3.69    3.72    
20160425 20160706 20160823     4.15    4.13    
20160425 20160730 20160823     2.63    2.64    
20160519 20160612 20160706     2.26    2.27    
20160519 20160612 20160730     3.38    3.56    
20160519 20160612 20160823     4.04    4.14    
20160519 20160612 20160916     1.33    1.33    
20160519 20160706 20160730     1.86    1.87    
20160519 20160706 20160823     3.84    3.83    
20160519 20160706 20160916     2.03    2.02    
20160519 20160730 20160823     4.43    4.43    
20160519 20160730 20160916     2.36    2.36    
20160519 20160823 20160916     4.83    4.80    
20160519 20170514 20170526     1.36    1.36    
20160612 20160706 20160730     3.72    4.03    
20160612 20160706 20160823     4.41    4.50    
20160612 20160706 20160916     2.01    2.01    
20160612 20160706 20161004     3.05    3.09    
20160612 20160730 20160823     3.18    3.18    
20160612 20160730 20160916     1.92    1.91    
20160612 20160730 20161004     3.55    3.55    
20160612 20160823 20160916     1.83    1.82    
20160612 20160823 20161004     1.52    1.52    
20160612 20160916 20161004     2.50    2.51    
20160706 20160730 20160823     1.85    1.85    
20160706 20160730 20160916     3.16    3.21    
20160706 20160730 20161004     2.45    2.43    
20160706 20160730 20161028     2.50    2.66    
20160706 20160730 20170408     3.88    3.94    
20160706 20160730 20170420     3.03    3.08    
20160706 20160823 20160916     3.55    3.60    
20160706 20160823 20161004     3.64    3.64    
20160706 20160823 20161028     4.06    4.12    
20160706 20160916 20161004     1.57    1.54    
20160706 20160916 20161028     1.56    1.58    
20160706 20161004 20161028     1.66    1.67    
20160706 20161004 20170408     2.25    2.26    
20160706 20161004 20170420     2.10    2.12    
20160706 20161028 20170408     3.03    3.01    
20160706 20161028 20170420     2.99    3.03    
20160706 20170408 20170420     2.63    2.62    
20160730 20160823 20160916     3.21    3.20    
20160730 20160823 20161004     3.20    3.20    
20160730 20160823 20161028     3.21    3.12    
20160730 20160823 20161121     1.58    1.59    
20160730 20160916 20161004     2.78    2.76    
20160730 20160916 20161028     3.65    3.76    
20160730 20160916 20161121     5.07    5.05    
20160730 20161004 20161028     3.38    3.48    
20160730 20161004 20161121     3.63    3.79    
20160730 20161004 20170408     5.39    5.46    
20160730 20161004 20170420     2.08    2.08    
20160730 20161028 20161121     2.54    2.50    
20160730 20161028 20170408     1.99    1.97    
20160730 20161028 20170420     1.59    1.63    
20160730 20170408 20170420     4.18    4.92    
20160823 20160916 20161004     2.74    2.72    
20160823 20160916 20161028     4.59    4.57    
20160823 20160916 20161121     3.45    3.45    
20160823 20160916 20161215     3.76    3.72    
20160823 20161004 20161028     3.49    3.48    
20160823 20161004 20161121     3.20    3.36    
20160823 20161004 20161215     5.93    5.95    
20160823 20161028 20161121     2.36    2.33    
20160823 20161028 20161215     3.48    3.47    
20160823 20161121 20161215     2.26    2.22    
20160916 20161004 20161028     2.99    3.01    
20160916 20161004 20161121     1.47    1.52    
20160916 20161004 20161215     2.99    3.02    
20160916 20161004 20170108     1.32    1.34    
20160916 20161028 20161121     1.67    1.69    
20160916 20161028 20161215     3.77    3.77    
20160916 20161028 20170108     3.56    3.60    
20160916 20161121 20161215     1.58    1.57    
20160916 20161121 20170108     2.54    2.49    
20160916 20161215 20170108     1.17    1.21    
20161004 20161028 20161121     3.80    3.83    
20161004 20161028 20161215     2.53    2.48    
20161004 20161028 20170108     3.51    3.60    
20161004 20161028 20170201     2.89    2.88    
20161004 20161028 20170408     2.28    2.32    
20161004 20161028 20170420     2.88    2.86    
20161004 20161028 20170701     2.32    2.32    
20161004 20161121 20161215     3.72    3.70    
20161004 20161121 20170108     2.63    2.69    
20161004 20161121 20170201     2.80    2.80    
20161004 20161215 20170108     2.93    2.95    
20161004 20161215 20170201     3.59    3.57    
20161004 20170108 20170201     2.91    3.03    
20161004 20170408 20170420     2.35    2.32    
20161004 20170408 20170701     3.55    3.58    
20161004 20170408 20170725     3.30    3.26    
20161004 20170420 20170701     2.27    2.26    
20161004 20170420 20170725     2.18    2.22    
20161004 20170701 20170725     4.18    4.14    
20161028 20161121 20161215     4.90    5.39    
20161028 20161121 20170108     3.78    3.85    
20161028 20161121 20170201     4.56    4.63    
20161028 20161215 20170108     1.82    1.81    
20161028 20161215 20170201     3.09    3.02    
20161028 20170108 20170201     1.32    1.34    
20161028 20170408 20170420     3.32    3.37    
20161028 20170408 20170701     1.19    1.18    
20161028 20170420 20170701     3.46    3.39    
20161121 20161215 20170108     2.64    2.68    
20161121 20161215 20170201     2.35    2.35    
20161121 20161215 20170219     2.76    2.75    
20161121 20170108 20170201     2.42    2.39    
20161121 20170108 20170219     1.60    1.62    
20161121 20170201 20170219     2.53    2.61    
20161215 20170108 20170201     3.02    3.14    
20161215 20170108 20170219     3.68    3.94    
20161215 20170201 20170219     3.47    3.54    
20161215 20170201 20170303     2.59    2.70    
20161215 20170219 20170303     2.39    2.40    
20170108 20170201 20170219     0.76    0.82    
20170201 20170219 20170303     0.42    0.43    
20170219 20170303 20170327     0.46    0.46    
20170219 20170303 20170408     0.36    0.37    
20170219 20170327 20170408     0.35    0.36    
20170303 20170327 20170408     0.32    0.34    
20170303 20170327 20170420     0.38    0.38    
20170303 20170408 20170420     0.37    0.37    
20170327 20170408 20170420     0.32    0.32    
20170327 20170408 20170502     0.36    0.36    
20170327 20170420 20170502     0.38    0.38    
20170408 20170420 20170502     0.30    0.30    
20170408 20170420 20170514     1.92    1.91    
20170408 20170420 20170701     2.43    2.39    
20170408 20170420 20170725     3.35    3.47    
20170408 20170420 20180403     1.70    1.70    
20170408 20170420 20180415     1.20    1.21    
20170408 20170420 20180427     3.04    3.03    
20170408 20170502 20170514     1.56    1.56    
20170408 20170701 20170725     2.26    2.30    
20170408 20170701 20180403     2.00    1.99    
20170408 20170701 20180415     1.35    1.33    
20170408 20170701 20180427     1.35    1.33    
20170408 20170725 20180403     2.61    2.61    
20170408 20170725 20180415     1.15    1.15    
20170408 20170725 20180427     2.84    2.89    
20170408 20180403 20180415     1.75    1.77    
20170408 20180403 20180427     2.52    2.52    
20170408 20180415 20180427     1.67    1.68    
20170420 20170502 20170514     1.43    1.43    
20170420 20170502 20170526     5.10    5.05    
20170420 20170514 20170526     3.62    3.64    
20170420 20170526 20170701     2.55    2.69    
20170420 20170701 20170725     5.49    5.50    
20170420 20170701 20171017     2.52    2.48    
20170420 20170701 20180403     2.87    2.78    
20170420 20170701 20180415     1.00    1.01    
20170420 20170701 20180427     1.28    1.35    
20170420 20170725 20171017     1.78    1.80    
20170420 20170725 20180403     2.96    3.05    
20170420 20170725 20180415     3.26    3.35    
20170420 20170725 20180427     1.28    1.29    
20170420 20171017 20180403     2.73    2.79    
20170420 20171017 20180415     2.09    2.10    
20170420 20171017 20180427     0.90    0.89    
20170420 20180403 20180415     1.48    1.51    
20170420 20180403 20180427     1.91    1.93    
20170420 20180415 20180427     1.34    1.34    
20170502 20170514 20170526     3.51    5.03    
20170502 20170514 20170607     1.36    1.35    
20170502 20170526 20170607     5.33    6.20    
20170514 20170526 20170607     2.56    2.52    
20170514 20170526 20170619     2.76    2.77    
20170514 20170526 20180509     1.10    1.13    
20170514 20170526 20180521     1.03    1.03    
20170514 20170607 20170619     3.39    3.40    
20170514 20180509 20180521     2.67    2.70    
20170526 20170607 20170619     4.57    4.89    
20170526 20170607 20170701     3.99    3.99    
20170526 20170619 20170701     6.01    6.16    
20170526 20180509 20180521     2.14    2.08    
20170607 20170619 20170701     7.15    7.51    
20170607 20170619 20170725     3.31    3.33    
20170607 20170701 20170725     2.23    2.29    
20170619 20170701 20170725     6.42    6.40    
20170619 20170701 20170806     6.04    6.14    
20170619 20170725 20170806     3.25    3.13    
20170701 20170725 20170806     3.41    3.42    
20170701 20170725 20170818     2.37    2.37    
20170701 20170725 20171017     2.33    2.35    
20170701 20170725 20180403     1.09    1.08    
20170701 20170725 20180415     2.28    2.27    
20170701 20170725 20180427     4.75    4.80    
20170701 20170806 20170818     3.80    4.16    
20170701 20171017 20180403     2.71    2.66    
20170701 20171017 20180415     3.15    3.14    
20170701 20171017 20180427     2.40    2.48    
20170701 20180403 20180415     2.82    2.73    
20170701 20180403 20180427     2.87    2.82    
20170701 20180415 20180427     1.09    1.09    
20170725 20170806 20170818     3.16    3.31    
20170725 20170806 20170830     3.58    4.40    
20170725 20170818 20170830     3.47    3.51    
20170725 20171017 20180403     1.77    1.78    
20170725 20171017 20180415     3.32    3.35    
20170725 20171017 20180427     1.87    1.84    
20170725 20180403 20180415     1.88    1.88    
20170725 20180403 20180427     2.64    2.66    
20170725 20180415 20180427     3.36    3.44    
20170806 20170818 20170830     2.26    2.19    
20170806 20170818 20170911     3.76    3.94    
20170806 20170830 20170911     3.93    4.27    
20170818 20170830 20170911     2.00    2.04    
20170818 20170830 20170923     1.55    1.60    
20170818 20170911 20170923     3.76    4.16    
20170830 20170911 20170923     3.43    4.71    
20170830 20170911 20171005     4.59    4.93    
20170830 20170923 20171005     2.12    2.23    
20170911 20170923 20171005     1.74    1.78    
20170911 20170923 20171017     3.71    4.16    
20170911 20171005 20171017     4.05    4.40    
20170923 20171005 20171017     1.53    1.52    
20170923 20171005 20171029     1.60    1.61    
20170923 20171017 20171029     3.71    3.81    
20171005 20171017 20171029     3.62    3.81    
20171005 20171017 20171110     1.79    1.79    
20171005 20171029 20171110     2.45    2.47    
20171017 20171029 20171110     3.32    3.31    
20171017 20171029 20171122     1.86    1.83    
20171017 20171110 20171122     3.66    3.63    
20171017 20180403 20180415     3.43    3.50    
20171017 20180403 20180427     2.47    2.54    
20171017 20180403 20180708     3.34    3.26    
20171017 20180415 20180427     2.28    2.24    
20171017 20180415 20180708     1.47    1.53    
20171017 20180427 20180708     1.22    1.29    
20171029 20171110 20171122     0.65    0.69    
20171029 20171110 20171204     2.21    2.26    
20171029 20171122 20171204     2.34    2.39    
20171110 20171122 20171204     4.05    4.38    
20171110 20171122 20171216     2.10    2.09    
20171110 20171204 20171216     5.07    5.11    
20171122 20171204 20171216     1.22    1.22    
20171122 20171204 20171228     2.72    2.75    
20171122 20171216 20171228     2.07    2.06    
20171204 20171216 20171228     2.83    2.80    
20171204 20171216 20180109     3.44    3.42    
20171204 20171228 20180109     4.45    4.47    
20171216 20171228 20180109     0.88    0.97    
20171216 20171228 20180121     1.61    1.70    
20171216 20180109 20180121     1.55    1.61    
20171228 20180109 20180121     0.69    0.76    
20171228 20180109 20180202     1.20    1.24    
20171228 20180121 20180202     0.95    0.96    
20180109 20180121 20180202     0.82    0.83    
20180109 20180121 20180214     1.11    1.11    
20180109 20180202 20180214     1.14    1.14    
20180121 20180202 20180214     0.53    0.59    
20180121 20180202 20180226     2.94    3.02    
20180121 20180214 20180226     2.96    2.94    
20180202 20180214 20180226     0.41    0.41    
20180202 20180214 20180310     0.54    0.55    
20180202 20180226 20180310     0.49    0.50    
20180214 20180226 20180310     0.39    0.40    
20180214 20180226 20180322     0.47    0.47    
20180214 20180310 20180322     0.49    0.54    
20180226 20180310 20180322     0.40    0.40    
20180226 20180310 20180403     0.40    0.40    
20180226 20180322 20180403     0.39    0.39    
20180310 20180322 20180403     0.32    0.32    
20180310 20180322 20180415     0.42    0.42    
20180310 20180403 20180415     0.39    0.39    
20180322 20180403 20180415     0.44    0.44    
20180322 20180403 20180427     0.42    0.42    
20180322 20180415 20180427     0.35    0.36    
20180403 20180415 20180427     0.43    0.43    
20180403 20180415 20180509     1.62    1.62    
20180403 20180415 20180708     1.81    1.85    
20180403 20180415 20181024     2.36    2.30    
20180403 20180415 20190422     1.10    1.10    
20180403 20180427 20180509     1.59    1.58    
20180403 20180427 20180708     2.35    2.38    
20180403 20180427 20181024     2.54    2.52    
20180403 20180427 20190422     3.71    5.06    
20180403 20180708 20181024     3.40    3.37    
20180403 20180708 20190422     2.34    2.34    
20180403 20181024 20190422     1.27    1.27    
20180415 20180427 20180509     0.63    0.63    
20180415 20180427 20180521     3.91    4.97    
20180415 20180427 20180708     2.35    2.33    
20180415 20180427 20181024     0.96    0.97    
20180415 20180427 20190422     3.87    4.95    
20180415 20180509 20180521     3.98    5.10    
20180415 20180708 20181012     1.53    1.56    
20180415 20180708 20181024     2.26    2.36    
20180415 20180708 20190422     2.24    2.29    
20180415 20181012 20181024     2.36    2.32    
20180415 20181012 20190422     2.21    2.26    
20180415 20181024 20190422     2.27    2.27    
20180427 20180509 20180521     1.33    1.33    
20180427 20180509 20180602     3.60    3.70    
20180427 20180521 20180602     1.16    1.15    
20180427 20180602 20180708     2.31    2.28    
20180427 20180708 20181024     3.04    3.05    
20180427 20180708 20190422     2.44    2.46    
20180427 20181018 20181024     1.20    1.19    
20180427 20181018 20190422     1.86    1.89    
20180427 20181024 20190422     3.01    3.02    
20180509 20180521 20180602     3.70    3.80    
20180509 20180521 20180614     2.93    2.92    
20180509 20180521 20190516     6.80    6.80    
20180509 20180521 20190528     4.17    4.28    
20180509 20180602 20180614     2.46    2.44    
20180509 20190516 20190528     2.59    2.54    
20180521 20180602 20180614     1.44    1.45    
20180521 20180602 20180626     2.46    2.45    
20180521 20180614 20180626     2.82    2.88    
20180521 20190516 20190528     2.46    2.47    
20180602 20180614 20180626     2.42    2.46    
20180602 20180614 20180708     2.87    2.83    
20180602 20180626 20180708     1.68    1.70    
20180614 20180626 20180708     3.39    3.49    
20180614 20180626 20180720     3.78    4.07    
20180614 20180708 20180720     5.40    5.57    
20180626 20180708 20180720     2.44    2.48    
20180708 20180720 20180813     3.23    5.64    
20180708 20181012 20181024     3.32    3.28    
20180708 20181012 20190422     2.79    2.81    
20180708 20181012 20190715     3.22    3.14    
20180708 20181024 20190422     2.55    2.57    
20180708 20181024 20190703     2.59    2.63    
20180708 20181024 20190715     2.87    2.89    
20180708 20181024 20190727     3.04    3.18    
20180708 20190422 20190703     3.15    3.28    
20180708 20190422 20190715     2.22    2.23    
20180708 20190422 20190727     2.37    2.40    
20180708 20190703 20190715     4.36    4.35    
20180708 20190703 20190727     2.94    2.91    
20180708 20190715 20190727     5.59    5.62    
20180813 20180906 20180918     3.75    5.03    
20180906 20180918 20180930     3.08    5.83    
20180906 20180918 20181012     2.64    2.66    
20180906 20180930 20181012     5.43    5.67    
20180918 20180930 20181012     3.83    3.99    
20180918 20180930 20181018     1.64    1.64    
20180918 20181012 20181018     3.30    3.30    
20180930 20181012 20181018     2.76    2.82    
20180930 20181012 20181024     2.24    2.29    
20180930 20181018 20181024     1.68    1.68    
20181012 20181018 20181024     0.71    0.71    
20181012 20181018 20181105     3.24    3.25    
20181012 20181018 20190422     2.28    2.37    
20181012 20181018 20190715     2.77    2.82    
20181012 20181018 20191007     2.75    2.77    
20181012 20181024 20181105     1.80    1.79    
20181012 20181024 20190422     2.20    2.30    
20181012 20181024 20190715     2.85    2.84    
20181012 20190422 20190715     0.74    0.81    
20181012 20190422 20191007     1.27    1.27    
20181012 20190715 20191007     0.94    0.94    
20181018 20181024 20181105     3.03    3.14    
20181018 20181024 20181129     4.25    4.31    
20181018 20181024 20190422     2.73    2.74    
20181018 20181024 20190703     4.16    4.19    
20181018 20181024 20190715     1.60    1.59    
20181018 20181105 20181129     4.05    5.06    
20181018 20190422 20190703     1.11    1.11    
20181018 20190422 20190715     1.45    1.48    
20181018 20190422 20191007     1.30    1.28    
20181018 20190703 20190715     1.27    1.27    
20181018 20190703 20191007     2.05    2.05    
20181018 20190715 20191007     1.46    1.44    
20181024 20181105 20181129     1.41    1.42    
20181024 20181105 20181211     3.04    3.12    
20181024 20181129 20181211     2.35    2.35    
20181024 20190422 20190703     4.03    4.12    
20181024 20190422 20190715     2.44    2.45    
20181024 20190422 20190727     1.53    1.53    
20181024 20190703 20190715     4.85    4.81    
20181024 20190703 20190727     2.37    2.31    
20181024 20190715 20190727     4.92    4.84    
20181105 20181129 20181211     3.45    3.52    
20181105 20181129 20181223     4.95    5.27    
20181105 20181211 20181223     3.60    3.76    
20181129 20181211 20181223     1.95    1.97    
20181129 20181211 20190104     2.14    2.10    
20181129 20181223 20190104     2.23    2.23    
20181211 20181223 20190104     1.25    1.25    
20181211 20181223 20190116     1.08    1.07    
20181211 20190104 20190116     1.35    1.35    
20181223 20190104 20190116     0.68    0.69    
20181223 20190104 20190128     0.79    0.79    
20181223 20190116 20190128     0.80    0.80    
20190104 20190116 20190128     0.49    0.49    
20190104 20190116 20190209     0.45    0.45    
20190104 20190128 20190209     0.49    0.49    
20190116 20190128 20190209     0.36    0.36    
20190116 20190128 20190221     0.42    0.42    
20190116 20190209 20190221     0.42    0.42    
20190128 20190209 20190221     0.36    0.36    
20190128 20190209 20190305     0.42    0.43    
20190128 20190221 20190305     0.41    0.42    
20190209 20190221 20190305     0.49    0.49    
20190209 20190221 20190317     1.61    1.63    
20190209 20190305 20190317     0.59    0.61    
20190221 20190305 20190317     1.34    1.33    
20190221 20190305 20190329     0.34    0.35    
20190221 20190317 20190329     1.29    1.31    
20190305 20190317 20190329     0.33    0.34    
20190305 20190317 20190410     0.33    0.34    
20190305 20190329 20190410     0.34    0.34    
20190317 20190329 20190410     0.35    0.35    
20190317 20190329 20190422     0.39    0.40    
20190317 20190410 20190422     0.51    0.51    
20190329 20190410 20190422     0.48    0.49    
20190329 20190410 20190504     0.34    0.35    
20190329 20190422 20190504     0.34    0.34    
20190410 20190422 20190504     0.45    0.45    
20190410 20190422 20190516     1.46    1.46    
20190410 20190504 20190516     2.13    2.11    
20190422 20190504 20190516     2.16    2.18    
20190422 20190504 20190528     3.73    3.78    
20190422 20190516 20190528     3.39    3.49    
20190422 20190516 20190703     1.66    1.71    
20190422 20190528 20190703     3.92    4.30    
20190422 20190528 20190715     2.86    2.77    
20190422 20190703 20190715     2.16    2.27    
20190422 20190703 20190727     4.83    4.86    
20190422 20190703 20191007     2.09    2.08    
20190422 20190703 20200404     3.13    3.12    
20190422 20190703 20200416     3.11    3.21    
20190422 20190703 20200428     4.33    4.31    
20190422 20190715 20190727     3.76    3.70    
20190422 20190715 20191007     1.55    1.62    
20190422 20190715 20200404     2.62    2.63    
20190422 20190715 20200416     2.67    2.69    
20190422 20190715 20200428     4.63    4.70    
20190422 20190727 20191007     3.91    3.90    
20190422 20190727 20200404     4.24    4.25    
20190422 20190727 20200416     1.49    1.49    
20190422 20190727 20200428     3.46    3.39    
20190422 20191007 20200404     2.37    2.31    
20190422 20191007 20200416     2.65    2.64    
20190422 20191007 20200428     4.46    4.45    
20190422 20200404 20200416     3.22    3.32    
20190422 20200404 20200428     5.19    5.18    
20190422 20200416 20200428     3.24 /  3.21    
20190504 20190516 20190528     3.22    3.26    
20190504 20190516 20190609     3.73    3.70    
20190504 20190528 20190609     1.39    1.37    
20190516 20190528 20190609     3.34    3.46    
20190516 20190528 20190703     2.81    2.79    
20190516 20190528 20200510     1.50    1.54    
20190516 20190609 20190703     5.43    5.71    
20190528 20190609 20190703     3.20    3.32    
20190528 20190609 20190715     1.50    1.49    
20190528 20190703 20190715     3.83    4.31    
20190609 20190703 20190715     5.06    6.44    
20190609 20190703 20190727     2.69    2.69    
20190609 20190715 20190727     4.09    4.77    
20190703 20190715 20190727     1.31    1.30    
20190703 20190715 20190808     3.95    3.99    
20190703 20190715 20191007     2.08    2.06    
20190703 20190715 20200404     2.48    2.44    
20190703 20190715 20200416     4.24    4.25    
20190703 20190715 20200428     1.56    1.55    
20190703 20190727 20190808     2.46    2.46    
20190703 20190727 20191007     1.72    1.73    
20190703 20190727 20200404     2.39    2.40    
20190703 20190727 20200416     3.08    3.08    
20190703 20190727 20200428     5.35    5.40    
20190703 20190808 20191007     2.00    2.01    
20190703 20191007 20200404     1.21    1.21    
20190703 20191007 20200416     2.91    3.04    
20190703 20191007 20200428     2.10    2.09    
20190703 20200404 20200416     2.47    2.47    
20190703 20200404 20200428     3.82    3.81    
20190703 20200416 20200428     5.00 /  5.08    
20190715 20190727 20190808     3.81    3.87    
20190715 20190727 20190820     1.21    1.21    
20190715 20190727 20191007     1.03    1.02    
20190715 20190727 20200404     2.70    2.71    
20190715 20190727 20200416     5.08    5.20    
20190715 20190727 20200428     5.07    5.16    
20190715 20190808 20190820     3.52    3.68    
20190715 20190808 20191007     3.54    3.50    
20190715 20190820 20191007     2.12    2.13    
20190715 20191007 20200404     1.47    1.47    
20190715 20191007 20200416     1.32    1.37    
20190715 20191007 20200428     1.31    1.33    
20190715 20200404 20200416     2.90    2.94    
20190715 20200404 20200428     3.76    3.78    
20190715 20200416 20200428     2.10 /  2.08    
20190727 20190808 20190820     0.84    0.85    
20190727 20190808 20190925     2.22    2.24    
20190727 20190808 20191007     1.33    1.33    
20190727 20190820 20190925     2.07    2.20    
20190727 20190820 20191007     2.14    2.12    
20190727 20190925 20191007     2.57    2.57    
20190727 20191007 20200404     2.33    2.31    
20190727 20191007 20200416     5.25    5.36    
20190727 20191007 20200428     4.91    4.98    
20190727 20200404 20200416     3.03    3.03    
20190727 20200404 20200428     1.60    1.62    
20190727 20200416 20200428     3.13 /  3.09    
20190808 20190820 20190925     1.60    1.63    
20190808 20190820 20191007     2.24    2.24    
20190808 20190925 20191007     1.77    1.77    
20190820 20190925 20191007     3.51    3.58    
20190820 20190925 20191019     2.68    2.66    
20190820 20191007 20191019     2.10    2.13    
20190925 20191007 20191019     2.73    2.88    
20191007 20191019 20191112     2.19    2.14    
20191007 20200404 20200416     2.79    2.98    
20191007 20200404 20200428     3.23    3.32    
20191007 20200416 20200428     1.95 /  1.93    
20191019 20191031 20191112     3.68    3.68    
20191031 20191112 20191124     9.58 *  --      
20191112 20191124 20191206     1.97    2.05    
20191112 20191124 20191218     1.30    1.32    
20191112 20191206 20191218     1.73    1.72    
20191124 20191206 20191218     0.87    0.89    
20191124 20191206 20191230     2.80    2.86    
20191124 20191218 20191230     2.38    2.40    
20191206 20191218 20191230     1.16    1.18    
20191206 20191218 20200111     5.84    6.01    
20191206 20191230 20200111     1.85    1.87    
20191218 20191230 20200111     6.04    6.03    
20191218 20191230 20200123     2.30    2.32    
20191218 20200111 20200123     6.25    6.40    
20191230 20200111 20200123     0.42    0.45    
20191230 20200111 20200204     0.93    0.93    
20191230 20200123 20200204     0.86    0.86    
20200111 20200123 20200204     0.45    0.48    
20200111 20200123 20200216     0.43    0.50    
20200111 20200204 20200216     0.51    0.53    
20200123 20200204 20200216     0.32    0.32    
20200123 20200204 20200228     0.31    0.34    
20200123 20200216 20200228     0.31    0.33    
20200204 20200216 20200228     0.28    0.29    
20200204 20200216 20200311     0.35    0.36    
20200204 20200228 20200311     0.36    0.36    
20200216 20200228 20200311     0.30    0.30    
20200216 20200228 20200323     0.34    0.35    
20200216 20200311 20200323     0.34    0.34    
20200228 20200311 20200323     0.35    0.35    
20200228 20200311 20200404     0.34    0.34    
20200228 20200323 20200404     0.40    0.41    
20200311 20200323 20200404     0.29    0.29    
20200311 20200323 20200416     0.33    0.33    
20200311 20200404 20200416     0.30    0.31    
20200323 20200404 20200416     0.30    0.30    
20200323 20200404 20200428     0.37    0.38    
20200323 20200416 20200428     0.35 /  0.36    
20200404 20200416 20200428     0.30 /  0.30    
20200404 20200416 20200510     0.30    0.31    
20200404 20200428 20200510     0.28    0.30    
20200416 20200428 20200510     0.26 /  0.27    
20200416 20200428 20200522     6.97 /  10.29   
20200416 20200510 20200522     4.11 /  5.29    
20200428 20200510 20200522     3.05 /  5.61    
20200428 20200510 20200603     3.88    4.23    
20200428 20200522 20200603     4.35 /  5.63    
20200510 20200522 20200603     3.19    4.45    
20200510 20210505 20210517     4.55    4.82    
20200510 20210505 20210529     1.08    1.09    
20200510 20210517 20210529     3.90    5.09    
20200522 20200603 20200609     2.57    2.95    
20200522 20200603 20200615     1.28    1.29    
20200522 20200609 20200615     3.12    3.57    
20200603 20200609 20200615     0.43    0.48    
20200603 20200609 20200627     2.69    2.90    
20200603 20200615 20200627     2.82    2.83    
20200609 20200615 20200627     1.02    1.04    
20200609 20200615 20200709     4.16    4.42    
20200609 20200627 20200709     3.52    3.54    
20200615 20200627 20200709     3.01    3.17    
20200615 20200627 20200721     3.73    3.99    
20200615 20200709 20200721     4.19    4.23    
20200627 20200709 20200721     1.72    1.75    
20200627 20200709 20200802     2.39    2.41    
20200627 20200721 20200802     2.41    2.47    
20200709 20200721 20200802     1.62    1.62    
20200709 20200721 20200814     2.76    2.76    
20200709 20200802 20200814     2.82    2.81    
20200721 20200802 20200814     2.38    2.41    
20200721 20200802 20200826     2.53    2.52    
20200721 20200814 20200826     4.17    4.22    
20200802 20200814 20200826     3.51    3.54    
20200802 20200814 20200907     3.71    3.77    
20200802 20200826 20200907     2.21    2.14    
20200814 20200826 20200907     3.12    3.10    
20200814 20200826 20200919     1.30    1.31    
20200814 20200907 20200919     5.09    5.31    
20200826 20200907 20200919     4.29    7.03    
20200826 20200907 20201025     1.90    1.86    
20200826 20200919 20201025     2.35    2.37    
20200907 20200919 20201025     5.65    6.00    
20200907 20200919 20201106     1.26    1.30    
20200907 20201025 20201106     2.52    2.61    
20200919 20201025 20201106     3.53    3.50    
20200919 20201025 20201212     5.31    5.47    
20200919 20201106 20201212     1.28    1.31    
20201025 20201106 20201212     2.69    2.74    
20201025 20201106 20201224     1.13    1.13    
20201025 20201212 20201224     2.73    2.77    
20201106 20201212 20201224     1.56    1.56    
20201106 20201212 20210105     1.19    1.19    
20201106 20201224 20210105     1.39    1.42    
20201212 20201224 20210105     1.12    1.12    
20201212 20201224 20210129     4.40    4.53    
20201212 20210105 20210129     3.23    4.29    
20201224 20210105 20210129     2.75    2.76    
20201224 20210105 20210210     2.75    2.78    
20201224 20210129 20210210     2.78    2.77    
20210105 20210129 20210210     2.86    2.89    
20210105 20210129 20210222     2.86    2.85    
20210105 20210210 20210222     2.16    2.21    
20210129 20210210 20210222     0.46    0.47    
20210423 20210505 20210517     1.67    1.72    
20210423 20210505 20210529     1.69    1.74    
20210423 20210517 20210529     0.79    0.79    
20210505 20210517 20210529     1.21    1.20    
20210505 20210517 20210622     3.06    5.94    
20210505 20210529 20210622     3.12    5.93    
20210517 20210529 20210622     0.88    0.88    
20210517 20210529 20210704     4.28    4.27    
20210517 20210622 20210704     2.87    2.93    
20210529 20210622 20210704     3.23    3.22    
20210529 20210622 20210716     2.78    2.86    
20210529 20210704 20210716     3.39    3.41    
20210622 20210704 20210716     3.01    3.00    
20210622 20210704 20210728     2.17    2.26    
20210622 20210716 20210728     2.28    2.35    
20210704 20210716 20210728     2.41    2.39    
20210704 20210716 20210809     2.96    2.96    
20210704 20210728 20210809     2.16    2.10    
20210704 20210728 20211008     0.69    0.69    
20210704 20210728 20220418     1.47    1.49    
20210704 20211008 20220418     1.04    1.04    
20210716 20210728 20210809     1.11    1.11    
20210716 20210728 20210821     2.77    2.92    
20210716 20210809 20210821     2.86    2.92    
20210728 20210809 20210821     2.12    2.14    
20210728 20211008 20220418     0.83    0.84    
20211219 20211231 20220112     0.63    0.68    
20211219 20211231 20220124     0.76    0.77    
20211219 20220112 20220124     0.83    0.83    
20211231 20220112 20220124     0.44    0.46    
20211231 20220112 20220205     0.71    0.71    
20211231 20220124 20220205     0.68    0.69    
20220112 20220124 20220205     0.41    0.45    
20220112 20220124 20220217     0.43    0.47    
20220112 20220205 20220217     0.45    0.46    
20220124 20220205 20220217     0.44    0.44    
20220124 20220205 20220301     0.47    0.47    
20220124 20220217 20220301     0.47    0.47    
20220205 20220217 20220301     0.36    0.36    
20220205 20220217 20220325     0.62    0.63    
20220205 20220301 20220325     0.60    0.62    
20220217 20220301 20220325     0.32    0.32    
20220217 20220301 20220418     3.99    4.37    
20220217 20220325 20220418     3.99    4.28    
20220301 20220325 20220418     0.54    0.54    
20220301 20220325 20220605     1.60    1.62    
20220301 20220418 20220605     4.66    4.71    
20220325 20220418 20220605     4.15    4.16    
20220325 20220418 20220617     2.91    2.95    
20220325 20220605 20220617     2.70    2.65    
20220418 20220605 20220617     1.97    1.97    
20220418 20220605 20220629     2.98    2.96    
20220418 20220605 20220723     1.51    1.56    
20220418 20220617 20220629     1.18    1.19    
20220418 20220617 20220723     2.83    2.79    
20220418 20220629 20220723     2.71    2.64    
20220418 20220723 20230401     3.13    3.05    
20220418 20220723 20230425     1.99    2.26    
20220418 20230401 20230413     3.83    3.90    
20220418 20230401 20230425     1.91    1.93    
20220418 20230413 20230425     3.86    4.08    
20220605 20220617 20220629     3.15    3.22    
20220605 20220617 20220723     3.39    3.48    
20220605 20220629 20220723     1.28    1.28    
20220617 20220629 20220723     2.52    2.52    
20220617 20220629 20220816     4.33    4.53    
20220617 20220723 20220816     4.16    4.22    
20220629 20220723 20220816     2.93    2.95    
20220629 20220723 20220828     3.54    3.50    
20220629 20220816 20220828     2.79    2.91    
20220723 20220816 20220828     3.36    3.29    
20220723 20220816 20220909     3.26    3.28    
20220723 20220828 20220909     3.58    3.58    
20220723 20220909 20221027     3.11    3.11    
20220723 20221027 20230401     3.53    3.55    
20220723 20221027 20230425     1.62    1.63    
20220723 20230401 20230425     3.38    3.50    
20220723 20230401 20230718     2.65    2.74    
20220723 20230425 20230718     2.32    2.31    
20220816 20220828 20220909     1.42    1.43    
20220816 20220828 20220921     2.53    2.68    
20220816 20220909 20220921     2.72    2.84    
20220828 20220909 20220921     3.52    3.52    
20220828 20220909 20221003     3.44    3.43    
20220828 20220921 20221003     2.53    2.59    
20220909 20220921 20221003     4.60    4.72    
20220909 20221003 20221027     3.19    3.19    
20220921 20221003 20221108     4.67    4.67    
20221003 20221027 20221108     5.26    5.26    
20221003 20221027 20221120     3.37    3.33    
20221003 20221108 20221120     2.84    2.85    
20221027 20221108 20221120     3.33    3.32    
20221027 20221108 20221202     3.58    3.57    
20221027 20221120 20221202     3.03    3.02    
20221027 20230401 20230413     2.04    2.04    
20221027 20230401 20230425     2.48    2.47    
20221027 20230401 20230706     1.62    1.61    
20221027 20230413 20230425     2.33    2.31    
20221027 20230413 20230706     1.57    1.50    
20221027 20230425 20230706     1.63    1.64    
20221108 20221120 20221202     2.40    2.39    
20221108 20221120 20221214     4.71    5.07    
20221108 20221202 20221214     2.50    2.55    
20221120 20221202 20221214     4.22    4.50    
20221120 20221202 20230107     2.83    2.85    
20221120 20221214 20230107     4.27    4.33    
20221202 20221214 20230107     2.92    3.00    
20221202 20221214 20230119     4.32    5.75    
20221202 20230107 20230119     3.93    4.39    
20221214 20230107 20230119     3.66    4.04    
20221214 20230107 20230131     2.12    2.23    
20221214 20230119 20230131     3.77    3.76    
20230107 20230119 20230131     0.57    0.60    
20230107 20230119 20230212     0.62    0.63    
20230107 20230131 20230212     0.51    0.52    
20230119 20230131 20230212     0.61    0.63    
20230119 20230131 20230224     1.21    1.23    
20230119 20230212 20230224     1.17    1.16    
20230131 20230212 20230224     0.60    0.60    
20230131 20230212 20230308     0.42    0.42    
20230131 20230224 20230308     0.52    0.53    
20230212 20230224 20230308     0.37    0.39    
20230212 20230224 20230320     0.85    0.85    
20230212 20230308 20230320     0.80    0.81    
20230224 20230308 20230320     0.61    0.62    
20230224 20230308 20230401     0.79    0.79    
20230224 20230320 20230401     0.46    0.49    
20230308 20230320 20230401     0.75    0.75    
20230308 20230320 20230413     0.43    0.43    
20230308 20230401 20230413     0.76    0.76    
20230320 20230401 20230413     0.53    0.55    
20230320 20230401 20230425     1.00    1.05    
20230320 20230413 20230425     0.98    1.00    
20230401 20230413 20230425     0.42    0.42    
20230401 20230413 20230507     0.30    0.31    
20230401 20230413 20230706     2.80    2.80    
20230401 20230413 20230718     3.07    2.97    
20230401 20230413 20240407     2.46    2.49    
20230401 20230413 20240419     3.83    5.30    
20230401 20230425 20230507     0.36    0.38    
20230401 20230425 20230706     1.79    1.77    
20230401 20230425 20230718     2.27    2.27    
20230401 20230425 20240407     1.51    1.51    
20230401 20230425 20240419     4.29    5.59    
20230401 20230706 20230718     2.30    2.21    
20230401 20230706 20240407     1.84    1.90    
20230401 20230706 20240419     2.69    2.71    
20230401 20230718 20240407     2.89    2.89    
20230401 20230718 20240419     3.85    3.93    
20230401 20240407 20240419     4.26    5.86    
20230413 20230425 20230507     0.31    0.31    
20230413 20230425 20230519     0.48    0.49    
20230413 20230425 20230706     3.04    2.90    
20230413 20230425 20230718     3.87    3.79    
20230413 20230425 20240407     2.09    2.11    
20230413 20230425 20240419     2.52    2.51    
20230413 20230507 20230519     0.48    0.50    
20230413 20230706 20230718     2.19    2.15    
20230413 20230706 20240407     3.73    3.69    
20230413 20230706 20240419     2.49    2.48    
20230413 20230718 20240407     5.21    5.12    
20230413 20230718 20240419     2.27    2.22    
20230413 20240407 20240419     2.01    2.00    
20230425 20230507 20230519     0.34    0.34    
20230425 20230507 20230531     1.39    1.38    
20230425 20230519 20230531     1.28    1.33    
20230425 20230706 20230718     1.80    1.78    
20230425 20230706 20240407     1.64    1.63    
20230425 20230706 20240419     2.92    2.84    
20230425 20230718 20240407     2.88    2.87    
20230425 20230718 20240419     3.07    3.06    
20230425 20240407 20240419     2.46    2.47    
20230507 20230519 20230531     1.61    1.62    
20230507 20230519 20230612     3.52    4.92    
20230507 20230531 20230612     2.48    2.41    
20230507 20240501 20240513     3.18    3.24    
20230507 20240501 20240525     6.24    6.48    
20230507 20240513 20240525     4.71    4.60    
20230519 20230531 20230612     3.02    5.84    
20230519 20230531 20230624     3.32    3.42    
20230519 20230612 20230624     3.97    5.17    
20230531 20230612 20230624     4.32    4.32    
20230612 20230624 20230706     3.08    3.15    
20230612 20230624 20230718     3.62    3.80    
20230612 20230706 20230718     3.16    3.11    
20230624 20230706 20230718     3.20    3.14    
20230624 20230706 20230730     2.29    2.33    
20230624 20230718 20230730     2.96    2.96    
20230706 20230718 20230730     3.18    3.19    
20230706 20230718 20230811     2.24    2.29    
20230706 20230718 20231022     1.93    1.90    
20230706 20230718 20240407     2.76    2.71    
20230706 20230718 20240419     3.50    3.43    
20230706 20230718 20240712     1.70    1.78    
20230706 20230730 20230811     4.44    4.93    
20230706 20231022 20240712     2.89    2.86    
20230706 20240407 20240419     3.09    3.02    
20230706 20240407 20240712     2.38    2.39    
20230706 20240419 20240712     3.67    3.67    
20230718 20230730 20230811     2.80    6.24    
20230718 20230730 20230823     2.38    2.39    
20230718 20230811 20230823     3.17    5.59    
20230718 20231022 20240712     3.39    3.41    
20230718 20240407 20240419     2.41    2.43    
20230718 20240407 20240712     2.67    2.62    
20230718 20240419 20240712     1.27    1.26    
20230730 20230811 20230823     1.53    1.52    
20230730 20230811 20230904     4.37    4.36    
20230730 20230823 20230904     2.86 /  2.82    
20230811 20230823 20230904     2.39 /  2.42    
20230811 20230823 20230916     5.43 /  7.77    
20230811 20230904 20230916     3.69 /  3.70    
20230823 20230904 20230916     6.90 /  10.76   
20230823 20230904 20230928     4.67 /  6.58    
20230823 20230916 20230928     3.96 /  3.99    
20230904 20230916 20230928     2.49 /  2.66    
20230904 20230916 20231010     4.96 /  5.39    
20230904 20230928 20231010     1.64    1.64    
20230916 20230928 20231010     4.24    4.82    
20230916 20230928 20231022     0.82    0.85    
20230916 20231010 20231022     4.14    4.53    
20230928 20231010 20231022     1.03    1.06    
20230928 20231010 20231103     1.02    1.02    
20230928 20231022 20231103     0.92    0.92    
20231010 20231022 20231103     0.70    0.75    
20231010 20231022 20231115     0.86    0.98    
20231010 20231103 20231115     0.94    0.97    
20231022 20231103 20231115     0.87    0.87    
20231022 20231103 20231127     1.39    1.38    
20231022 20231115 20231127     1.69    1.68    
20231103 20231115 20231127     2.81    2.80    
20231103 20231115 20231209     1.12    1.12    
20231103 20231127 20231209     2.45    2.45    
20231115 20231127 20231209     2.99    2.97    
20231115 20231127 20231221     2.57    2.60    
20231115 20231209 20231221     2.09    2.14    
20231127 20231209 20231221     2.07    2.11    
20231127 20231209 20240102     2.69    2.88    
20231127 20231221 20240102     2.59    2.67    
20231209 20231221 20240102     0.95    0.96    
20231209 20231221 20240114     3.55    4.85    
20231209 20240102 20240114     3.39    3.77    
20231221 20240102 20240114     3.18    3.16    
20231221 20240102 20240126     3.56    3.48    
20231221 20240114 20240126     1.91    1.90    
20240102 20240114 20240126     0.78    0.79    
20240102 20240114 20240207     1.38    1.39    
20240102 20240126 20240207     1.15    1.21    
20240114 20240126 20240207     1.02    1.04    
20240114 20240126 20240219     0.79    0.80    
20240114 20240207 20240219     1.03    1.03    
20240126 20240207 20240219     0.89    0.90    
20240126 20240207 20240302     0.86    0.89    
20240126 20240219 20240302     0.89    0.90    
20240207 20240219 20240302     0.80    0.80    
20240207 20240219 20240314     1.14    1.14    
20240207 20240302 20240314     1.14    1.14    
20240219 20240302 20240314     0.61    0.61    
20240219 20240302 20240326     0.51    0.51    
20240219 20240314 20240326     0.62    0.63    
20240302 20240314 20240326     0.48    0.49    
20240302 20240314 20240407     0.37    0.39    
20240302 20240326 20240407     0.42    0.42    
20240314 20240326 20240407     0.29    0.30    
20240314 20240326 20240419     0.36    0.37    
20240314 20240407 20240419     0.36    0.39    
20240326 20240407 20240419     0.37    0.37    
20240326 20240407 20240501     0.49    0.50    
20240326 20240419 20240501     0.45    0.46    
20240407 20240419 20240501     0.51    0.52    
20240407 20240419 20240513     3.98    4.18    
20240407 20240419 20240712     1.78    1.77    
20240407 20240419 20241028     2.77    2.79    
20240407 20240419 20250402     3.58    3.93    
20240407 20240419 20250426     3.43    3.83    
20240407 20240501 20240513     0.96    0.98    
20240407 20240712 20241028     1.03    1.04    
20240407 20240712 20250402     2.91    2.85    
20240407 20240712 20250426     1.53    1.55    
20240407 20241028 20250402     1.96    1.93    
20240407 20241028 20250426     1.52    1.55    
20240407 20250402 20250426     3.90    4.01    
20240419 20240501 20240513     3.88    4.18    
20240419 20240501 20240525     2.09    2.09    
20240419 20240513 20240525     4.48    4.71    
20240419 20240712 20241028     2.53    2.53    
20240419 20240712 20250402     4.23    4.18    
20240419 20240712 20250426     3.40    3.44    
20240419 20241028 20250402     4.44    4.46    
20240419 20241028 20250426     4.89    4.90    
20240419 20250402 20250426     4.26    4.45    
20240501 20240513 20240525     2.23    2.23    
20240501 20240513 20240606     1.91    1.91    
20240501 20240513 20250508     2.49    2.53    
20240501 20240513 20250520     3.66    3.92    
20240501 20240525 20240606     2.09    2.12    
20240501 20240525 20250508     2.00    2.00    
20240501 20240525 20250520     5.96    6.20    
20240501 20250508 20250520     5.50    6.04    
20240513 20240525 20240606     2.43    2.41    
20240513 20240525 20240618     2.91    2.92    
20240513 20240525 20250508     2.31    2.31    
20240513 20240525 20250520     3.62    3.59    
20240513 20240606 20240618     3.01    2.98    
20240513 20250508 20250520     1.72    1.72    
20240525 20240606 20240618     3.32    3.28    
20240525 20240606 20240630     2.70    2.73    
20240525 20240618 20240630     2.51    2.52    
20240525 20250508 20250520     1.75    1.74    
20240606 20240618 20240630     2.73    2.67    
20240606 20240618 20240712     2.56    2.52    
20240606 20240630 20240712     3.06    3.10    
20240618 20240630 20240712     4.00    4.12    
20240618 20240630 20240724     3.49    3.55    
20240618 20240712 20240724     3.06    3.04    
20240630 20240712 20240724     3.69    3.73    
20240630 20240712 20240805     4.07    4.25    
20240630 20240724 20240805     5.36    5.39    
20240712 20240724 20240805     4.47    5.14    
20240712 20240724 20240817     3.06    3.01    
20240712 20240805 20240817     3.71    4.50    
20240712 20241004 20241016     1.75    1.80    
20240712 20241004 20241028     0.88    0.89    
20240712 20241016 20241028     2.55    2.67    
20240712 20241016 20250402     1.79    1.80    
20240712 20241028 20250402     2.74    2.72    
20240712 20241028 20250426     1.65    1.64    
20240712 20250402 20250426     2.75    2.75    
20240724 20240805 20240817     3.94    4.05    
20240724 20240805 20240829     5.98    5.97    
20240724 20240817 20240829     3.58    3.59    
20240805 20240817 20240829     3.59    4.34    
20240805 20240817 20240910     2.57    2.45    
20240805 20240829 20240910     2.87    2.89    
20240817 20240829 20240910     1.94    1.95    
20240817 20240829 20240922     1.95    1.92    
20240817 20240910 20240922     1.65    1.62    
20240829 20240910 20240922     2.27    2.27    
20240829 20240910 20241004     5.60    5.78    
20240829 20240922 20241004     6.53    6.69    
20240910 20240922 20241004     2.61    2.55    
20240910 20240922 20241016     0.74    0.74    
20240910 20241004 20241016     3.61    3.73    
20240922 20241004 20241016     4.63    5.04    
20240922 20241004 20241028     5.67    5.74    
20240922 20241016 20241028     1.15    1.17    
20241004 20241016 20241028     3.04    3.06    
20241004 20241016 20241109     1.56    1.55    
20241004 20241028 20241109     2.63    2.62    
20241016 20241028 20241109     2.08    2.07    
20241016 20241028 20241121     1.69    1.68    
20241016 20241028 20250402     1.19    1.27    
20241016 20241109 20241121     1.84    1.78    
20241028 20241109 20241121     1.14    1.12    
20241028 20241109 20241203     2.70    2.72    
20241028 20241121 20241203     2.46    2.54    
20241028 20250402 20250426     1.77    1.76    
20241028 20250402 20250719     3.79    3.81    
20241028 20250402 20250731     4.06    4.17    
20241028 20250402 20251023     2.62    2.60    
20241028 20250426 20250719     3.44    3.44    
20241028 20250426 20250731     2.06    2.06    
20241028 20250719 20250731     1.53    1.58    
20241028 20250719 20251023     5.01    5.07    
20241028 20250731 20251023     2.36    2.33    
20241109 20241121 20241203     3.05    3.04    
20241109 20241121 20241215     3.54    3.74    
20241109 20241203 20241215     3.43    3.43    
20241121 20241203 20241215     4.05    4.19    
20241121 20241203 20241227     4.32    4.88    
20241121 20241215 20241227     2.74    3.04    
20241203 20241215 20241227     1.53    1.62    
20241203 20241215 20250108     2.75    2.85    
20241203 20241227 20250108     1.74    1.74    
20241215 20241227 20250108     1.61    1.60    
20241215 20241227 20250120     3.92    4.41    
20241215 20250108 20250120     4.40    4.46    
20241227 20250108 20250120     4.66    4.68    
20241227 20250108 20250201     2.95    2.97    
20241227 20250120 20250201     1.28    1.28    
20250108 20250120 20250201     2.92    2.93    
20250108 20250120 20250213     2.73    2.66    
20250108 20250201 20250213     3.35    3.24    
20250120 20250201 20250213     2.88    2.86    
20250120 20250201 20250225     2.85    2.84    
20250120 20250213 20250225     1.78    1.79    
20250201 20250213 20250225     0.80    0.81    
20250201 20250213 20250309     1.46    1.46    
20250201 20250225 20250309     1.51    1.51    
20250213 20250225 20250309     0.50    0.51    
20250213 20250225 20250321     0.56    0.56    
20250213 20250309 20250321     0.67    0.68    
20250225 20250309 20250321     0.52    0.52    
20250225 20250309 20250402     0.73    0.73    
20250225 20250321 20250402     0.67    0.67    
20250309 20250321 20250402     0.44    0.44    
20250309 20250321 20250414     0.49    0.50    
20250309 20250402 20250414     0.41    0.43    
20250321 20250402 20250414     0.43    0.44    
20250321 20250402 20250426     0.55    0.56    
20250321 20250414 20250426     0.41    0.42    
20250402 20250414 20250426     0.63    0.64    
20250402 20250414 20250508     0.99    0.99    
20250402 20250426 20250508     0.98    0.97    
20250402 20250426 20250719     2.02    2.02    
20250402 20250426 20250731     4.86    6.44    
20250402 20250426 20260409     3.87    4.09    
20250402 20250719 20250731     1.83    1.83    
20250402 20250719 20251023     0.99    1.03    
20250402 20250719 20260409     2.86    2.88    
20250402 20250731 20251023     3.09    3.20    
20250402 20250731 20260409     2.58    2.55    
20250402 20251023 20260409     5.70    5.77    
20250414 20250426 20250508     0.77    0.77    
20250414 20250426 20250520     0.79    0.79    
20250414 20250508 20250520     0.74    0.74    
20250426 20250508 20250520     1.12    1.12    
20250426 20250508 20250601     2.96    2.98    
20250426 20250520 20250601     2.61    2.65    
20250426 20250601 20250719     5.09    5.04    
20250426 20250719 20250731     3.92    5.31    
20250426 20250719 20260409     2.65    2.67    
20250426 20250731 20260409     5.14    5.26    
20250508 20250520 20250601     1.23    1.27    
20250508 20250520 20250625     4.13    4.25    
20250508 20250520 20260503     1.78    1.79    
20250508 20250601 20250625     3.99    3.98    
20250520 20250601 20250625     2.94    3.02    
20250520 20250601 20250707     3.68    3.98    
20250520 20250625 20250707     4.01    5.90    
20250601 20250625 20250707     2.27    2.26    
20250601 20250625 20250719     3.75    5.17    
20250601 20250707 20250719     3.82    4.98    
20250625 20250707 20250719     0.98    1.00    
20250625 20250707 20250731     0.82    0.86    
20250625 20250719 20250731     0.96    0.97    
20250707 20250719 20250731     0.72    0.75    
20250707 20250719 20250812     0.78    0.79    
20250707 20250731 20250812     0.63    0.63    
20250719 20250731 20250812     0.56    0.56    
20250719 20250731 20250824     1.03    1.03    
20250719 20250731 20251023     3.72    3.96    
20250719 20250731 20260409     2.21    2.24    
20250719 20250812 20250824     2.95    2.94    
20250719 20251023 20260409     3.67    3.85    
20250731 20250812 20250824     2.87    2.86    
20250731 20250812 20250905     3.24    3.24    
20250731 20250824 20250905     3.39    3.47    
20250731 20251023 20260409     1.96    1.95    
20250812 20250824 20250905     3.01    3.09    
20250812 20250824 20250917     3.55    3.81    
20250812 20250905 20250917     6.09    6.42    
20250824 20250905 20250917     3.53    3.53    
20250824 20250905 20250929     1.74    1.75    
20250824 20250917 20250929     2.23    2.26    
20250905 20250917 20250929     2.55    2.55    
20250905 20250917 20251011     1.51    1.53    
20250905 20250929 20251011     3.13    3.31    
20250917 20250929 20251011     2.84    3.00    
20250917 20250929 20251023     2.60    2.62    
20250917 20251011 20251023     2.60    2.69    
20250929 20251011 20251023     3.61    3.61    
20250929 20251011 20251104     1.33    1.38    
20250929 20251023 20251104     2.75    2.76    
20251011 20251023 20251104     1.77    1.79    
20251011 20251023 20251116     1.63    1.63    
20251011 20251104 20251116     2.18    2.18    
20251023 20251104 20251116     3.54    3.54    
20251023 20251104 20251128     4.11    4.31    
20251023 20251116 20251128     2.32    2.31    
20251104 20251116 20251128     3.37    3.64    
20251104 20251116 20251210     3.98    5.47    
20251104 20251128 20251210     2.00    1.99    
20251116 20251128 20251210     3.59    4.16    
20251116 20251128 20251222     3.62    3.87    
20251116 20251210 20251222     2.54    2.58    
20251128 20251210 20251222     2.60    2.74    
20251128 20251210 20260103     4.24    4.36    
20251128 20251222 20260103     5.36    5.58    
20251210 20251222 20260103     1.70    1.71    
20251210 20251222 20260115     1.10    1.13    
20251210 20260103 20260115     1.55    1.56    
20251222 20260103 20260115     0.79    0.80    
20251222 20260103 20260127     1.08    1.10    
20251222 20260115 20260127     1.02    1.04    
20260103 20260115 20260127     0.45    0.46    
20260103 20260115 20260208     1.59    1.57    
20260103 20260127 20260208     1.59    1.58    
20260115 20260127 20260208     0.41    0.41    
20260115 20260127 20260220     0.71    0.71    
20260115 20260208 20260220     0.67    0.67    
20260127 20260208 20260220     0.41    0.41    
20260127 20260208 20260304     0.44    0.44    
20260127 20260220 20260304     0.42    0.46    
20260208 20260220 20260304     0.37    0.38    
20260208 20260220 20260316     1.02    1.03    
20260208 20260304 20260316     0.57    0.57    
20260220 20260304 20260316     0.97    0.97    
20260220 20260304 20260328     0.37    0.38    
20260220 20260316 20260328     0.92    0.93    
20260304 20260316 20260328     0.30    0.32    
20260304 20260316 20260409     0.45    0.51    
20260304 20260328 20260409     0.45    0.46    
20260316 20260328 20260409     0.28    0.28    
20260328 20260409 20260503     0.37    0.38    
