20170303 20170303 0.0000 0
20170303 20141009 -2.2294 --876
20170303 20141102 87.8961 --852
20170303 20141126 50.3913 --828
20170303 20141220 192.1726 --804
20170303 20150501 208.8729 --672
20170303 20150525 131.9902 --648
20170303 20150618 82.4766 --624
20170303 20150712 43.7152 --600
20170303 20150829 126.2987 --552
20170303 20151016 132.5240 --504
20170303 20151109 20.0881 --480
20170303 20151203 112.9941 --456
20170303 20151227 174.2016 --432
20170303 20160120 88.7959 --408
20170303 20160213 76.5899 --384
20170303 20160308 123.5991 --360
20170303 20160401 101.5803 --336
20170303 20160425 104.5580 --312
20170303 20160519 52.0043 --288
20170303 20160612 99.5641 --264
20170303 20160706 134.6947 --240
20170303 20160730 91.9517 --216
20170303 20160823 122.9046 --192
20170303 20160916 71.7988 --168
20170303 20161004 106.8827 --150
20170303 20161028 118.2017 --126
20170303 20161121 63.7818 --102
20170303 20161215 159.9341 --78
20170303 20170108 96.9406 --54
20170303 20170201 51.4146 --30
20170303 20170207 118.4513 --24
20170303 20170219 56.8406 --12
20170303 20170327 123.3050 24
20170303 20170408 140.7487 36
20170303 20170420 119.0576 48
20170303 20170502 122.6224 60
20170303 20170514 152.6115 72
20170303 20170526 57.7278 84
20170303 20170607 150.0573 96
20170303 20170619 105.7482 108
20170303 20170701 61.2064 120
20170303 20170725 62.2065 144
20170303 20170806 129.4589 156
20170303 20170818 97.1461 168
20170303 20170830 98.9016 180
20170303 20170911 115.9021 192
20170303 20170923 79.6927 204
20170303 20171005 81.5267 216
20170303 20171017 81.0536 228
20170303 20171029 142.3282 240
20170303 20171110 81.1639 252
20170303 20171122 139.0080 264
20170303 20171204 57.3772 276
20170303 20171216 88.8757 288
20170303 20171228 16.0872 300
20170303 20180109 83.3262 312
20170303 20180121 141.1972 324
20170303 20180202 133.0020 336
20170303 20180214 142.7160 348
20170303 20180226 85.0689 360
20170303 20180310 9.5925 372
20170303 20180322 -21.3946 384
20170303 20180403 41.7573 396
20170303 20180415 106.5326 408
20170303 20180427 99.5226 420
20170303 20180509 93.3830 432
20170303 20180521 76.8743 444
20170303 20180602 23.3748 456
20170303 20180614 107.0098 468
20170303 20180626 107.9829 480
20170303 20180708 39.6273 492
20170303 20180720 82.8730 504
20170303 20180801 -3.7569 516
20170303 20180813 68.4829 528
20170303 20180825 67.8004 540
20170303 20180906 142.3980 552
20170303 20180918 106.1811 564
20170303 20180930 75.3676 576
20170303 20181012 133.6105 588
20170303 20181018 125.5036 594
20170303 20181024 75.6729 600
20170303 20181105 85.7597 612
20170303 20181129 47.9997 636
20170303 20181211 68.6189 648
20170303 20181223 138.9315 660
20170303 20190104 118.2068 672
20170303 20190116 81.9781 684
20170303 20190128 130.3535 696
20170303 20190209 76.8298 708
20170303 20190221 144.9935 720
20170303 20190305 204.3499 732
20170303 20190317 94.6294 744
20170303 20190329 119.6409 756
20170303 20190410 27.1226 768
20170303 20190422 189.8179 780
20170303 20190504 169.3554 792
20170303 20190516 131.7848 804
20170303 20190528 94.7543 816
20170303 20190609 3.3352 828
20170303 20190703 98.5672 852
20170303 20190715 109.7980 864
20170303 20190727 91.6324 876
20170303 20190808 138.2307 888
20170303 20190820 147.3392 900
20170303 20190925 174.9663 936
20170303 20191007 117.7253 948
20170303 20191019 67.8308 960
20170303 20191031 113.5933 972
20170303 20191112 141.0924 984
20170303 20191124 102.3229 996
20170303 20191206 55.8264 1008
20170303 20191218 99.9088 1020
20170303 20191230 143.3973 1032
20170303 20200111 155.5605 1044
20170303 20200123 131.9800 1056
20170303 20200204 85.8132 1068
20170303 20200216 65.6849 1080
20170303 20200228 61.9202 1092
20170303 20200311 170.9406 1104
20170303 20200323 161.6121 1116
20170303 20200404 104.2489 1128
20170303 20200416 92.9639 1140
20170303 20200428 92.0077 1152
20170303 20200510 30.7457 1164
20170303 20200522 113.6699 1176
20170303 20200603 24.1714 1188
20170303 20200609 87.7001 1194
20170303 20200615 108.1018 1200
20170303 20200627 45.6097 1212
20170303 20200709 22.9304 1224
20170303 20200721 111.3311 1236
20170303 20200802 145.3708 1248
20170303 20200814 113.3076 1260
20170303 20200826 156.0488 1272
20170303 20200907 128.0232 1284
20170303 20200919 107.3891 1296
20170303 20201025 104.8487 1332
20170303 20201106 140.6545 1344
20170303 20201212 110.0422 1380
20170303 20201224 53.2613 1392
20170303 20210105 61.6217 1404
20170303 20210129 187.6351 1428
20170303 20210210 177.9884 1440
20170303 20210222 54.8641 1452
20170303 20210306 11.3204 1464
20170303 20210318 -6.3857 1476
20170303 20210330 67.7663 1488
20170303 20210423 91.5096 1512
20170303 20210505 32.7731 1524
20170303 20210517 29.1075 1536
20170303 20210529 79.0349 1548
20170303 20210622 82.3705 1572
20170303 20210704 92.7566 1584
20170303 20210716 92.6585 1596
20170303 20210728 -19.1410 1608
20170303 20210809 67.4126 1620
20170303 20210821 114.9196 1632
20170303 20210902 47.6253 1644
20170303 20210914 101.4498 1656
20170303 20210926 138.6256 1668
20170303 20211008 98.8750 1680
20170303 20211020 139.2562 1692
20170303 20211101 93.1756 1704
20170303 20211125 169.7605 1728
20170303 20211207 151.4102 1740
20170303 20211219 144.1453 1752
20170303 20211231 48.2976 1764
20170303 20220112 111.5897 1776
20170303 20220124 95.4180 1788
20170303 20220205 84.6395 1800
20170303 20220217 135.3830 1812
20170303 20220301 104.1510 1824
20170303 20220325 130.4171 1848
20170303 20220418 122.5833 1872
20170303 20220605 179.2739 1920
20170303 20220617 45.4698 1932
20170303 20220629 135.2569 1944
20170303 20220723 119.1571 1968
20170303 20220816 118.6665 1992
20170303 20220828 109.3320 2004
20170303 20220909 251.8592 2016
20170303 20220921 -247.6107 2028
20170303 20221003 124.8433 2040
20170303 20221027 204.1223 2064
20170303 20221108 19.0779 2076
20170303 20221120 185.8126 2088
20170303 20221202 88.6104 2100
20170303 20221214 66.9999 2112
20170303 20230107 110.5549 2136
20170303 20230119 -143.5906 2148
20170303 20230131 156.2568 2160
20170303 20230212 93.8247 2172
20170303 20230224 24.5917 2184
20170303 20230308 23.4312 2196
20170303 20230320 93.7852 2208
20170303 20230401 132.1801 2220
20170303 20230413 134.7963 2232
20170303 20230425 96.1663 2244
20170303 20230507 211.3094 2256
20170303 20230519 229.7416 2268
20170303 20230531 222.6982 2280
20170303 20230612 112.5107 2292
20170303 20230624 161.4762 2304
20170303 20230706 122.7612 2316
20170303 20230718 116.5847 2328
20170303 20230730 149.6291 2340
20170303 20230811 -128.1485 2352
20170303 20230823 61.7076 2364
20170303 20230904 173.3754 2376
20170303 20230916 169.3812 2388
20170303 20230928 111.6948 2400
20170303 20231010 -42.7520 2412
20170303 20231022 201.8807 2424
20170303 20231103 89.6530 2436
20170303 20231115 193.7000 2448
20170303 20231127 39.2797 2460
20170303 20231209 144.0282 2472
20170303 20231221 -105.4776 2484
20170303 20240102 4.6585 2496
20170303 20240114 113.6737 2508
20170303 20240126 175.5765 2520
20170303 20240207 70.2446 2532
20170303 20240219 117.6665 2544
20170303 20240302 154.1620 2556
20170303 20240314 79.3604 2568
20170303 20240326 -62.8389 2580
20170303 20240407 190.0588 2592
20170303 20240419 143.0979 2604
20170303 20240501 156.0549 2616
20170303 20240513 27.6132 2628
20170303 20240525 276.8096 2640
20170303 20240606 164.3824 2652
20170303 20240618 211.6430 2664
20170303 20240630 110.0020 2676
20170303 20240712 123.8522 2688
20170303 20240724 71.1893 2700
20170303 20240805 179.2245 2712
20170303 20240817 151.2112 2724
20170303 20240829 111.6046 2736
20170303 20240910 16.4716 2748
20170303 20240922 86.0096 2760
20170303 20241004 1.1975 2772
20170303 20241016 90.3302 2784
20170303 20241028 128.7898 2796
20170303 20241109 93.5830 2808
20170303 20241121 126.9713 2820
20170303 20241203 172.0618 2832
20170303 20241215 218.6129 2844
20170303 20241227 119.7900 2856
20170303 20250108 101.5651 2868
20170303 20250120 82.5789 2880
20170303 20250201 64.8595 2892
20170303 20250213 132.9127 2904
20170303 20250225 28.1810 2916
20170303 20250309 139.1374 2928
20170303 20250321 201.7112 2940
20170303 20250402 228.9988 2952
20170303 20250414 54.2366 2964
20170303 20250426 362.2409 2976
20170303 20250508 172.9085 2988
20170303 20250520 113.1584 3000
20170303 20250601 170.6460 3012
20170303 20250625 215.2514 3036
20170303 20250707 197.5292 3048
20170303 20250719 137.3940 3060
20170303 20250731 130.1713 3072
20170303 20250812 119.3161 3084
20170303 20250824 132.2811 3096
20170303 20250905 54.3075 3108
20170303 20250917 50.4889 3120
20170303 20250929 61.5349 3132
20170303 20251011 295.3557 3144
20170303 20251023 117.6307 3156
20170303 20251104 133.1230 3168
20170303 20251116 123.2588 3180
20170303 20251128 123.1227 3192
20170303 20251210 221.9199 3204
20170303 20251222 173.6922 3216
20170303 20260103 188.6842 3228
20170303 20260115 162.9081 3240
20170303 20260127 167.3733 3252
20170303 20260208 136.4069 3264
20170303 20260220 105.1608 3276
20170303 20260304 85.9331 3288
20170303 20260316 134.3224 3300
20170303 20260328 99.2778 3312
20170303 20260409 108.9744 3324
20170303 20260421 216.2149 3336
20170303 20260503 180.5962 3348
