20170303 20141009 -7 -876
20170303 20141102 83 -852
20170303 20141126 51 -828
20170303 20141220 -67 -804
20170303 20150501 86 -672
20170303 20150525 -106 -648
20170303 20150618 -70 -624
20170303 20150712 -34 -600
20170303 20150829 -103 -552
20170303 20151016 -108 -504
20170303 20151109 28 -480
20170303 20151203 118 -456
20170303 20151227 -92 -432
20170303 20160120 98 -408
20170303 20160213 77 -384
20170303 20160308 127 -360
20170303 20160401 -80 -336
20170303 20160425 -85 -312
20170303 20160519 -44 -288
20170303 20160612 -79 -264
20170303 20160706 -109 -240
20170303 20160730 -75 -216
20170303 20160823 -100 -192
20170303 20160916 -61 -168
20170303 20161004 -89 -150
20170303 20161028 -98 -126
20170303 20161121 64 -102
20170303 20161215 -94 -78
20170303 20170108 94 -54
20170303 20170201 52 -30
20170303 20170207 118 -24
20170303 20170219 55 -12
20170303 20170303 0 0
20170303 20170327 -100 24
20170303 20170408 -113 36
20170303 20170420 -94 48
20170303 20170502 -97 60
20170303 20170514 -124 72
20170303 20170526 -51 84
20170303 20170607 -122 96
20170303 20170619 -84 108
20170303 20170701 -49 120
20170303 20170725 -51 144
20170303 20170806 -107 156
20170303 20170818 -77 168
20170303 20170830 -81 180
20170303 20170911 -94 192
20170303 20170923 -66 204
20170303 20171005 -71 216
20170303 20171017 -68 228
20170303 20171029 -124 240
20170303 20171110 80 252
20170303 20171122 -121 264
20170303 20171204 59 276
20170303 20171216 90 288
20170303 20171228 18 300
20170303 20180109 78 312
20170303 20180121 -120 324
20170303 20180202 127 336
20170303 20180214 -118 348
20170303 20180226 80 360
20170303 20180310 10 372
20170303 20180322 -24 384
20170303 20180403 -33 396
20170303 20180415 -87 408
20170303 20180427 -81 420
20170303 20180509 -75 432
20170303 20180521 -60 444
20170303 20180602 -20 456
20170303 20180614 -87 468
20170303 20180626 -91 480
20170303 20180708 -32 492
20170303 20180720 -65 504
20170303 20180801 -9 516
20170303 20180813 -57 528
20170303 20180825 -56 540
20170303 20180906 -114 552
20170303 20180918 -85 564
20170303 20180930 -61 576
20170303 20181012 -110 588
20170303 20181018 -102 594
20170303 20181024 -67 600
20170303 20181105 83 612
20170303 20181129 48 636
20170303 20181211 66 648
20170303 20181223 -121 660
20170303 20190104 114 672
20170303 20190116 82 684
20170303 20190128 125 696
20170303 20190209 73 708
20170303 20190221 -117 720
20170303 20190305 -61 732
20170303 20190317 87 744
20170303 20190329 109 756
20170303 20190410 -20 768
20170303 20190422 103 780
20170303 20190504 118 792
20170303 20190516 -108 804
20170303 20190528 -74 816
20170303 20190609 -6 828
20170303 20190703 -81 852
20170303 20190715 -92 864
20170303 20190727 -72 876
20170303 20190808 -110 888
20170303 20190820 -118 900
20170303 20190925 113 936
20170303 20191007 95 948
20170303 20191019 -57 960
20170303 20191031 110 972
20170303 20191112 -119 984
20170303 20191124 99 996
20170303 20191206 52 1008
20170303 20191218 95 1020
20170303 20191230 -118 1032
20170303 20200111 -102 1044
20170303 20200123 127 1056
20170303 20200204 83 1068
20170303 20200216 65 1080
20170303 20200228 61 1092
20170303 20200311 -95 1104
20170303 20200323 -103 1116
20170303 20200404 -81 1128
20170303 20200416 -74 1140
20170303 20200428 74 1152
20170303 20200510 -28 1164
20170303 20200522 -94 1176
20170303 20200603 -27 1188
20170303 20200609 -73 1194
20170303 20200615 -88 1200
20170303 20200627 -36 1212
20170303 20200709 -19 1224
20170303 20200721 -93 1236
20170303 20200802 -119 1248
20170303 20200814 -88 1260
20170303 20200826 123 1272
20170303 20200907 -105 1284
20170303 20200919 -91 1296
20170303 20201001 -73 1308
20170303 20201013 -124 1320
20170303 20201025 104 1332
20170303 20201106 -122 1344
20170303 20201118 -109 1356
20170303 20201130 77 1368
20170303 20201212 110 1380
20170303 20201224 51 1392
20170303 20210105 58 1404
20170303 20210117 108 1416
20170303 20210129 -75 1428
20170303 20210210 -86 1440
20170303 20210222 51 1452
20170303 20210306 7 1464
20170303 20210318 -10 1476
20170303 20210330 -54 1488
20170303 20210411 -106 1500
20170303 20210423 -74 1512
20170303 20210505 -27 1524
20170303 20210517 -25 1536
20170303 20210529 -66 1548
20170303 20210622 -66 1572
20170303 20210704 -75 1584
20170303 20210716 -72 1596
20170303 20210728 -14 1608
20170303 20210809 -58 1620
20170303 20210821 -96 1632
20170303 20210902 -39 1644
20170303 20210914 -82 1656
20170303 20210926 -113 1668
20170303 20211008 -83 1680
20170303 20211020 -116 1692
20170303 20211101 89 1704
20170303 20211113 102 1716
20170303 20211125 -94 1728
20170303 20211207 -111 1740
20170303 20211219 -117 1752
20170303 20211231 46 1764
20170303 20220112 108 1776
20170303 20220124 90 1788
20170303 20220205 83 1800
20170303 20220217 -123 1812
20170303 20220301 99 1824
20170303 20220313 75 1836
20170303 20220325 118 1848
20170303 20220418 -99 1872
20170303 20220512 -92 1896
20170303 20220605 114 1920
20170303 20220617 -41 1932
20170303 20220629 -110 1944
20170303 20220723 -95 1968
20170303 20220816 -95 1992
20170303 20220828 -90 2004
20170303 20220909 50 2016
20170303 20220921 61 2028
20170303 20221003 100 2040
20170303 20221027 89 2064
20170303 20221108 18 2076
20170303 20221120 -78 2088
20170303 20221202 84 2100
20170303 20221214 63 2112
20170303 20230107 111 2136
20170303 20230119 125 2148
20170303 20230131 -104 2160
20170303 20230212 90 2172
20170303 20230224 25 2184
20170303 20230308 22 2196
20170303 20230320 88 2208
20170303 20230401 -105 2220
20170303 20230413 -103 2232
20170303 20230425 -77 2244
20170303 20230507 83 2256
20170303 20230519 69 2268
20170303 20230531 76 2280
20170303 20230612 -90 2292
20170303 20230624 127 2304
20170303 20230706 -101 2316
20170303 20230718 -94 2328
20170303 20230730 -119 2340
20170303 20230811 -99 2352
20170303 20230823 -48 2364
20170303 20230904 118 2376
20170303 20230916 115 2388
20170303 20230928 -94 2400
20170303 20231010 -35 2412
20170303 20231022 94 2424
20170303 20231103 88 2436
20170303 20231115 -71 2448
20170303 20231127 37 2460
20170303 20231209 -119 2472
20170303 20231221 -98 2484
20170303 20240102 3 2496
20170303 20240114 108 2508
20170303 20240126 -89 2520
20170303 20240207 66 2532
20170303 20240219 110 2544
20170303 20240302 -117 2556
20170303 20240314 75 2568
20170303 20240326 -64 2580
20170303 20240407 100 2592
20170303 20240419 -117 2604
20170303 20240501 127 2616
20170303 20240513 -31 2628
20170303 20240525 25 2640
20170303 20240606 110 2652
20170303 20240618 76 2664
20170303 20240630 -99 2676
20170303 20240712 -105 2688
20170303 20240724 -69 2700
20170303 20240805 108 2712
20170303 20240817 -124 2724
20170303 20240829 -86 2736
20170303 20240910 -8 2748
20170303 20240922 -67 2760
20170303 20241004 -4 2772
20170303 20241016 -78 2784
20170303 20241028 123 2796
20170303 20241109 91 2808
20170303 20241121 123 2820
20170303 20241203 -82 2832
20170303 20241215 -48 2844
20170303 20241227 124 2856
20170303 20250108 103 2868
20170303 20250120 78 2880
20170303 20250201 63 2892
20170303 20250213 127 2904
20170303 20250225 24 2916
20170303 20250309 -121 2928
20170303 20250321 -68 2940
20170303 20250402 75 2952
20170303 20250414 -45 2964
20170303 20250426 -38 2976
20170303 20250508 112 2988
20170303 20250520 -98 3000
20170303 20250601 111 3012
20170303 20250625 73 3036
20170303 20250707 90 3048
20170303 20250719 -119 3060
20170303 20250731 -109 3072
20170303 20250812 -100 3084
20170303 20250824 -110 3096
20170303 20250905 -47 3108
20170303 20250917 42 3120
20170303 20250929 57 3132
20170303 20251011 21 3144
20170303 20251023 115 3156
20170303 20251104 130 3168
20170303 20251116 122 3180
20170303 20251128 121 3192
20170303 20251210 -40 3204
20170303 20251222 170 3216
20170303 20260103 185 3228
20170303 20260115 158 3240
20170303 20260127 161 3252
20170303 20260208 130 3264
20170303 20260220 101 3276
20170303 20260304 84 3288
20170303 20260316 129 3300
20170303 20260328 95 3312
20170303 20260409 103 3324
20170303 20260421 -45 3336
20170303 20260503 177.6390 3348
