# Size: 14391(123x117), n_valid: 5372
# unw_cov_thre: 0.1, coh_thre: 0.05
# ifg dates         bperp   dt unw_cov  coh_av
20141009_20141102    90.1   24   0.151   0.144    
20141009_20141126    52.6   48   0.121   0.143    
20141009_20141220   194.4   72   0.105   0.141    
20141009_20150501   211.1  204   0.091   0.139    *
20141009_20150525   134.2  228   0.092   0.141    *
20141102_20141126   -37.5   24   0.308   0.148    
20141102_20141220   104.3   48   0.209   0.146    
20141102_20150501   121.0  180   0.116   0.142    
20141102_20150525    44.1  204   0.121   0.144    
20141102_20150618    -5.4  228   0.117   0.145    
20141126_20141220   141.8   24   0.343   0.148    
20141126_20150501   158.5  156   0.115   0.141    
20141126_20150525    81.6  180   0.112   0.143    
20141126_20150618    32.1  204   0.104   0.145    
20141126_20150712    -6.7  228   0.108   0.144    
20141220_20150501    16.7  132   0.307   0.148    
20141220_20150525   -60.2  156   0.260   0.149    
20141220_20150618  -109.7  180   0.132   0.145    
20141220_20150712  -148.5  204   0.132   0.144    
20141220_20150829   -65.9  252   0.139   0.147    
20150501_20150525   -76.9   24   0.985   0.204    
20150501_20150618  -126.4   48   0.259   0.147    
20150501_20150712  -165.2   72   0.187   0.144    
20150501_20150829   -82.6  120   0.316   0.148    
20150501_20151016   -76.3  168   0.108   0.142    
20150501_20160519  -156.9  384   0.125   0.140    
20150525_20150618   -49.5   24   0.335   0.151    
20150525_20150712   -88.3   48   0.219   0.147    
20150525_20150829    -5.7   96   0.372   0.152    
20150525_20151016     0.5  144   0.114   0.143    
20150525_20151109  -111.9  168   0.118   0.144    
20150525_20160519   -80.0  360   0.131   0.142    
20150618_20150712   -38.8   24   0.593   0.158    
20150618_20150829    43.8   72   0.284   0.150    
20150618_20151016    50.0  120   0.130   0.144    
20150618_20151109   -62.4  144   0.121   0.146    
20150618_20151203    30.5  168   0.119   0.146    
20150712_20150829    82.6   48   0.428   0.152    
20150712_20151016    88.8   96   0.141   0.143    
20150712_20151109   -23.6  120   0.128   0.146    
20150712_20151203    69.3  144   0.120   0.145    
20150712_20151227   130.5  168   0.123   0.143    
20150712_20160401    57.9  264   0.134   0.143    
20150712_20160706    91.0  360   0.108   0.143    
20150712_20160730    48.2  384   0.106   0.143    
20150829_20151016     6.2   48   0.182   0.145    
20150829_20151109  -106.2   72   0.152   0.145    
20150829_20151203   -13.3   96   0.161   0.147    
20150829_20151227    47.9  120   0.233   0.147    
20150829_20160120   -37.5  144   0.297   0.148    
20151016_20151109  -112.4   24   0.340   0.146    
20151016_20151203   -19.5   48   0.188   0.144    
20151016_20151227    41.7   72   0.192   0.143    
20151016_20160120   -43.7   96   0.177   0.143    
20151016_20160213   -55.9  120   0.155   0.141    
20151109_20151203    92.9   24   0.469   0.150    
20151109_20151227   154.1   48   0.260   0.145    
20151109_20160120    68.7   72   0.228   0.145    
20151109_20160213    56.5   96   0.193   0.144    
20151109_20160308   103.5  120   0.166   0.143    
20151203_20151227    61.2   24   0.470   0.154    
20151203_20160120   -24.2   48   0.357   0.150    
20151203_20160213   -36.4   72   0.289   0.147    
20151203_20160308    10.6   96   0.254   0.146    
20151203_20160401   -11.4  120   0.220   0.145    
20151227_20160120   -85.4   24   0.909   0.175    
20151227_20160213   -97.6   48   0.747   0.160    
20151227_20160308   -50.6   72   0.638   0.156    
20151227_20160401   -72.6   96   0.562   0.152    
20151227_20160425   -69.6  120   0.461   0.149    
20160120_20160213   -12.2   24   0.988   0.197    
20160120_20160308    34.8   48   0.938   0.176    
20160120_20160401    12.8   72   0.869   0.167    
20160120_20160425    15.8   96   0.747   0.159    
20160120_20160519   -36.8  120   0.367   0.144    
20160213_20160308    47.0   24   0.992   0.213    
20160213_20160401    25.0   48   0.965   0.186    
20160213_20160425    28.0   72   0.869   0.169    
20160213_20160519   -24.6   96   0.441   0.145    
20160213_20160612    23.0  120   0.123   0.140    
20160308_20160401   -22.0   24   0.996   0.232    
20160308_20160425   -19.0   48   0.946   0.188    
20160308_20160519   -71.6   72   0.494   0.146    
20160308_20160612   -24.0   96   0.120   0.141    
20160308_20160706    11.1  120   0.166   0.145    
20160401_20160425     3.0   24   0.975   0.227    
20160401_20160519   -49.6   48   0.547   0.149    
20160401_20160612    -2.0   72   0.133   0.142    
20160401_20160706    33.1   96   0.177   0.145    
20160401_20160730    -9.6  120   0.242   0.145    
20160401_20161004     5.3  186   0.116   0.141    
20160401_20161028    16.6  210   0.103   0.141    
20160401_20170408    39.2  372   0.315   0.145    
20160401_20170420    17.5  384   0.314   0.145    
20160425_20160519   -52.6   24   0.680   0.150    
20160425_20160612    -5.0   48   0.140   0.141    
20160425_20160706    30.1   72   0.174   0.145    
20160425_20160730   -12.6   96   0.240   0.146    
20160425_20160823    18.3  120   0.244   0.145    
20160519_20160612    47.6   24   0.282   0.146    
20160519_20160706    82.7   48   0.226   0.144    
20160519_20160730    39.9   72   0.264   0.144    
20160519_20160823    70.9   96   0.214   0.143    
20160519_20160916    19.8  120   0.119   0.142    
20160519_20170514   100.6  360   0.119   0.141    
20160519_20170526     5.7  372   0.100   0.141    
20160612_20160706    35.1   24   0.364   0.147    
20160612_20160730    -7.6   48   0.229   0.144    
20160612_20160823    23.3   72   0.161   0.142    
20160612_20160916   -27.8   96   0.128   0.145    
20160612_20161004     7.3  114   0.114   0.143    
20160706_20160730   -42.7   24   0.718   0.164    
20160706_20160823   -11.8   48   0.368   0.150    
20160706_20160916   -62.9   72   0.133   0.142    
20160706_20161004   -27.8   90   0.133   0.143    
20160706_20161028   -16.5  114   0.113   0.142    
20160706_20170408     6.1  276   0.130   0.143    
20160706_20170420   -15.6  288   0.127   0.142    
20160706_20170701   -73.5  360   0.098   0.142    *
20160706_20170725   -72.5  384   0.092   0.142    *
20160730_20160823    31.0   24   0.805   0.164    
20160730_20160916   -20.2   48   0.152   0.143    
20160730_20161004    14.9   66   0.132   0.143    
20160730_20161028    26.2   90   0.113   0.142    
20160730_20161121   -28.2  114   0.113   0.144    
20160730_20170408    48.8  252   0.174   0.143    
20160730_20170420    27.1  264   0.170   0.143    
20160730_20170701   -30.7  336   0.098   0.142    *
20160730_20170725   -29.7  360   0.099   0.142    *
20160823_20160916   -51.1   24   0.181   0.143    
20160823_20161004   -16.0   42   0.162   0.143    
20160823_20161028    -4.7   66   0.117   0.142    
20160823_20161121   -59.1   90   0.116   0.144    
20160823_20161215    37.0  114   0.120   0.144    
20160916_20161004    35.1   18   0.410   0.149    
20160916_20161028    46.4   42   0.155   0.144    
20160916_20161121    -8.0   66   0.122   0.142    
20160916_20161215    88.1   90   0.114   0.140    
20160916_20170108    25.1  114   0.114   0.140    
20161004_20161028    11.3   24   0.248   0.150    
20161004_20161121   -43.1   48   0.160   0.145    
20161004_20161215    53.1   72   0.145   0.145    
20161004_20170108    -9.9   96   0.133   0.143    
20161004_20170201   -55.5  120   0.139   0.143    
20161004_20170408    33.9  186   0.122   0.141    
20161004_20170420    12.2  198   0.115   0.141    
20161004_20170701   -45.7  270   0.112   0.143    
20161004_20170725   -44.7  294   0.102   0.142    
20161004_20171017   -25.8  378   0.099   0.142    *
20161004_20171029    35.4  390   0.093   0.142    *
20161028_20161121   -54.4   24   0.337   0.149    
20161028_20161215    41.7   48   0.175   0.146    
20161028_20170108   -21.3   72   0.137   0.143    
20161028_20170201   -66.8   96   0.132   0.143    
20161028_20170408    22.5  162   0.107   0.140    
20161028_20170420     0.9  174   0.115   0.141    
20161028_20170701   -57.0  246   0.105   0.144    
20161028_20170725   -56.0  270   0.096   0.142    *
20161028_20171017   -37.1  354   0.097   0.142    *
20161028_20171029    24.1  366   0.093   0.142    *
20161121_20161215    96.2   24   0.458   0.152    
20161121_20170108    33.2   48   0.204   0.148    
20161121_20170201   -12.4   72   0.182   0.147    
20161121_20170219    -6.9   90   0.153   0.143    
20161215_20170108   -63.0   24   0.530   0.153    
20161215_20170201  -108.5   48   0.362   0.149    
20161215_20170219  -103.1   66   0.288   0.144    
20161215_20170303  -159.9   78   0.239   0.141    
20170108_20170201   -45.5   24   0.895   0.171    
20170108_20170219   -40.1   42   0.769   0.157    
20170201_20170219     5.4   18   0.986   0.198    
20170201_20170303   -51.4   30   0.963   0.180    
20170219_20170303   -56.8   12   0.999   0.233    
20170219_20170327    66.5   36   0.966   0.187    
20170219_20170408    83.9   48   0.935   0.176    
20170303_20170327   123.3   24   0.993   0.202    
20170303_20170408   140.7   36   0.970   0.186    
20170303_20170420   119.1   48   0.954   0.178    
20170327_20170408    17.4   12   0.999   0.261    
20170327_20170420    -4.2   24   0.992   0.222    
20170327_20170502    -0.7   36   0.955   0.181    
20170408_20170420   -21.7   12   0.998   0.248    
20170408_20170502   -18.1   24   0.981   0.189    
20170408_20170514    11.9   36   0.511   0.150    
20170408_20170701   -79.5   84   0.121   0.142    
20170408_20170725   -78.5  108   0.114   0.142    
20170408_20171017   -59.7  192   0.091   0.141    *
20170408_20171029     1.6  204   0.089   0.138    *
20170408_20180403   -99.0  360   0.226   0.143    
20170408_20180415   -34.2  372   0.207   0.144    
20170408_20180427   -41.2  384   0.231   0.145    
20170420_20170502     3.6   12   0.993   0.233    
20170420_20170514    33.6   24   0.612   0.152    
20170420_20170526   -61.3   36   0.153   0.142    
20170420_20170701   -57.9   72   0.128   0.142    
20170420_20170725   -56.9   96   0.119   0.142    
20170420_20171017   -38.0  180   0.102   0.141    
20170420_20171029    23.3  192   0.093   0.138    *
20170420_20180403   -77.3  348   0.234   0.144    
20170420_20180415   -12.5  360   0.222   0.145    
20170420_20180427   -19.5  372   0.243   0.146    
20170502_20170514    30.0   12   0.803   0.160    
20170502_20170526   -64.9   24   0.189   0.143    
20170502_20170607    27.4   36   0.141   0.141    
20170514_20170526   -94.9   12   0.519   0.150    
20170514_20170607    -2.6   24   0.232   0.146    
20170514_20170619   -46.9   36   0.141   0.144    
20170514_20180509   -59.2  360   0.114   0.142    
20170514_20180521   -75.7  372   0.115   0.142    
20170526_20170607    92.3   12   0.675   0.161    
20170526_20170619    48.0   24   0.276   0.151    
20170526_20170701     3.5   36   0.165   0.145    
20170526_20180509    35.7  348   0.102   0.143    
20170526_20180521    19.1  360   0.101   0.146    
20170607_20170619   -44.3   12   0.497   0.157    
20170607_20170701   -88.9   24   0.199   0.144    
20170607_20170725   -87.9   48   0.136   0.142    
20170619_20170701   -44.5   12   0.374   0.151    
20170619_20170725   -43.5   36   0.152   0.144    
20170619_20170806    23.7   48   0.139   0.145    
20170701_20170725     1.0   24   0.404   0.153    
20170701_20170806    68.3   36   0.221   0.148    
20170701_20170818    35.9   48   0.201   0.146    
20170701_20171017    19.8  108   0.120   0.146    
20170701_20171029    81.1  120   0.095   0.142    *
20170701_20180403   -19.4  276   0.101   0.140    
20170701_20180415    45.3  288   0.104   0.141    
20170701_20180427    38.3  300   0.103   0.142    
20170701_20180708   -21.6  372   0.097   0.143    *
20170725_20170806    67.3   12   0.703   0.168    
20170725_20170818    34.9   24   0.501   0.156    
20170725_20170830    36.7   36   0.193   0.144    
20170725_20171017    18.8   84   0.111   0.146    
20170725_20171029    80.1   96   0.099   0.141    *
20170725_20180403   -20.4  252   0.107   0.141    
20170725_20180415    44.3  264   0.105   0.142    
20170725_20180427    37.3  276   0.107   0.143    
20170725_20180708   -22.6  348   0.096   0.144    *
20170806_20170818   -32.3   12   0.713   0.169    
20170806_20170830   -30.6   24   0.345   0.147    
20170806_20170911   -13.6   36   0.165   0.145    
20170818_20170830     1.8   12   0.458   0.148    
20170818_20170911    18.8   24   0.196   0.143    
20170818_20170923   -17.5   36   0.125   0.143    
20170830_20170911    17.0   12   0.462   0.153    
20170830_20170923   -19.2   24   0.203   0.149    
20170830_20171005   -17.4   36   0.129   0.147    
20170911_20170923   -36.2   12   0.569   0.155    
20170911_20171005   -34.4   24   0.226   0.148    
20170911_20171017   -34.8   36   0.144   0.143    
20170923_20171005     1.8   12   0.544   0.156    
20170923_20171017     1.4   24   0.151   0.144    
20170923_20171029    62.6   36   0.119   0.148    
20171005_20171017    -0.5   12   0.282   0.145    
20171005_20171029    60.8   24   0.162   0.148    
20171005_20171110    -0.4   36   0.115   0.143    
20171017_20171029    61.3   12   0.294   0.146    
20171017_20171110     0.1   24   0.291   0.150    
20171017_20171122    58.0   36   0.214   0.148    
20171017_20180403   -39.3  168   0.107   0.141    
20171017_20180415    25.5  180   0.109   0.142    
20171017_20180427    18.5  192   0.107   0.143    
20171017_20180708   -41.4  264   0.103   0.144    
20171017_20181012    52.6  360   0.096   0.141    *
20171017_20181018    44.5  366   0.096   0.141    *
20171017_20181024    -5.4  372   0.096   0.145    *
20171029_20171110   -61.2   12   0.400   0.147    
20171029_20171122    -3.3   24   0.189   0.145    
20171029_20171204   -85.0   36   0.136   0.142    
20171029_20180403  -100.6  156   0.091   0.137    *
20171029_20180415   -35.8  168   0.096   0.139    *
20171029_20180427   -42.8  180   0.099   0.139    *
20171029_20180708  -102.7  252   0.095   0.140    *
20171029_20181012    -8.7  348   0.104   0.145    
20171029_20181018   -16.8  354   0.093   0.145    *
20171029_20181024   -66.7  360   0.094   0.142    *
20171110_20171122    57.8   12   0.691   0.156    
20171110_20171204   -23.8   24   0.307   0.148    
20171110_20171216     7.7   36   0.197   0.148    
20171122_20171204   -81.6   12   0.822   0.156    
20171122_20171216   -50.1   24   0.395   0.150    
20171122_20171228  -122.9   36   0.240   0.146    
20171204_20171216    31.5   12   0.899   0.165    
20171204_20171228   -41.3   24   0.560   0.154    
20171204_20180109    25.9   36   0.356   0.149    
20171216_20171228   -72.8   12   0.877   0.168    
20171216_20180109    -5.5   24   0.651   0.157    
20171216_20180121    52.3   36   0.458   0.152    
20171228_20180109    67.2   12   0.969   0.174    
20171228_20180121   125.1   24   0.788   0.159    
20171228_20180202   116.9   36   0.580   0.153    
20180109_20180121    57.9   12   0.980   0.181    
20180109_20180202    49.7   24   0.819   0.162    
20180109_20180214    59.4   36   0.658   0.155    
20180121_20180202    -8.2   12   0.988   0.190    
20180121_20180214     1.5   24   0.891   0.169    
20180121_20180226   -56.1   36   0.792   0.161    
20180202_20180214     9.7   12   0.994   0.196    
20180202_20180226   -47.9   24   0.952   0.174    
20180202_20180310  -123.4   36   0.883   0.166    
20180214_20180226   -57.6   12   0.993   0.200    
20180214_20180310  -133.1   24   0.974   0.179    
20180214_20180322  -164.1   36   0.915   0.168    
20180226_20180310   -75.5   12   0.998   0.222    
20180226_20180322  -106.5   24   0.984   0.189    
20180226_20180403   -43.3   36   0.958   0.177    
20180310_20180322   -31.0   12   0.998   0.228    
20180310_20180403    32.2   24   0.988   0.197    
20180310_20180415    96.9   36   0.944   0.173    
20180322_20180403    63.2   12   0.996   0.232    
20180322_20180415   127.9   24   0.974   0.184    
20180322_20180427   120.9   36   0.945   0.177    
20180403_20180415    64.8   12   0.996   0.215    
20180403_20180427    57.8   24   0.981   0.194    
20180403_20180509    51.6   36   0.625   0.149    
20180403_20180708    -2.1   96   0.129   0.144    
20180403_20181012    91.9  192   0.096   0.137    *
20180403_20181018    83.7  198   0.093   0.137    *
20180403_20181024    33.9  204   0.104   0.141    
20180403_20190422   148.1  384   0.181   0.140    
20180415_20180427    -7.0   12   0.996   0.240    
20180415_20180509   -13.1   24   0.823   0.158    
20180415_20180521   -29.7   36   0.279   0.144    
20180415_20180708   -66.9   84   0.127   0.144    
20180415_20181012    27.1  180   0.100   0.139    
20180415_20181018    19.0  186   0.099   0.138    *
20180415_20181024   -30.9  192   0.104   0.142    
20180415_20190422    83.3  372   0.186   0.142    
20180427_20180509    -6.1   12   0.911   0.167    
20180427_20180521   -22.6   24   0.308   0.145    
20180427_20180602   -76.1   36   0.201   0.144    
20180427_20180708   -59.9   72   0.133   0.145    
20180427_20181012    34.1  168   0.098   0.139    *
20180427_20181018    26.0  174   0.101   0.139    
20180427_20181024   -23.8  180   0.105   0.143    
20180427_20190422    90.3  360   0.200   0.143    
20180509_20180521   -16.5   12   0.594   0.153    
20180509_20180602   -70.0   24   0.228   0.145    
20180509_20180614    13.6   36   0.143   0.144    
20180509_20190516    38.4  372   0.115   0.142    
20180509_20190528     1.4  384   0.114   0.143    
20180521_20180602   -53.5   12   0.682   0.155    
20180521_20180614    30.1   24   0.334   0.152    
20180521_20180626    31.1   36   0.184   0.149    
20180521_20190516    54.9  360   0.109   0.145    
20180521_20190528    17.9  372   0.113   0.144    
20180602_20180614    83.6   12   0.589   0.153    
20180602_20180626    84.6   24   0.286   0.145    
20180602_20180708    16.3   36   0.226   0.147    
20180614_20180626     1.0   12   0.606   0.158    
20180614_20180708   -67.4   24   0.249   0.145    
20180614_20180720   -24.1   36   0.179   0.144    
20180626_20180708   -68.4   12   0.566   0.154    
20180626_20180720   -25.1   24   0.286   0.147    
20180708_20180720    43.2   12   0.778   0.171    
20180708_20180813    28.9   36   0.322   0.148    
20180708_20181012    94.0   96   0.104   0.141    
20180708_20181018    85.9  102   0.098   0.141    *
20180708_20181024    36.0  108   0.115   0.146    
20180708_20190422   150.2  288   0.106   0.141    
20180708_20190703    58.9  360   0.103   0.145    
20180708_20190715    70.2  372   0.109   0.144    
20180708_20190727    52.0  384   0.101   0.144    
20180720_20180813   -14.4   24   0.566   0.156    
20180813_20180906    73.9   24   0.623   0.153    
20180813_20180918    37.7   36   0.279   0.145    
20180906_20180918   -36.2   12   0.805   0.160    
20180906_20180930   -67.0   24   0.459   0.148    
20180906_20181012    -8.8   36   0.115   0.142    
20180918_20180930   -30.8   12   0.843   0.160    
20180918_20181012    27.4   24   0.161   0.143    
20180918_20181018    19.3   30   0.119   0.142    
20180930_20181012    58.2   12   0.301   0.146    
20180930_20181018    50.1   18   0.172   0.144    
20180930_20181024     0.3   24   0.195   0.148    
20181012_20181018    -8.1    6   0.828   0.168    
20181012_20181024   -57.9   12   0.545   0.150    
20181012_20181105   -47.9   24   0.265   0.144    
20181012_20190422    56.2  192   0.110   0.140    
20181012_20190703   -35.0  264   0.099   0.143    *
20181012_20190715   -23.8  276   0.101   0.141    
20181012_20190727   -42.0  288   0.099   0.141    *
20181012_20191007   -15.9  360   0.102   0.145    
20181018_20181024   -49.8    6   0.715   0.155    
20181018_20181105   -39.7   18   0.344   0.145    
20181018_20181129   -77.5   42   0.157   0.143    
20181018_20190422    64.3  186   0.102   0.140    
20181018_20190703   -26.9  258   0.101   0.142    
20181018_20190715   -15.7  270   0.101   0.141    
20181018_20190727   -33.9  282   0.095   0.141    *
20181018_20191007    -7.8  354   0.105   0.145    
20181024_20181105    10.1   12   0.836   0.159    
20181024_20181129   -27.7   36   0.268   0.148    
20181024_20181211    -7.1   48   0.219   0.148    
20181024_20190422   114.1  180   0.123   0.143    
20181024_20190703    22.9  252   0.104   0.145    
20181024_20190715    34.1  264   0.108   0.144    
20181024_20190727    16.0  276   0.101   0.144    
20181024_20191007    42.1  348   0.098   0.142    *
20181105_20181129   -37.8   24   0.437   0.151    
20181105_20181211   -17.1   36   0.323   0.150    
20181105_20181223    53.2   48   0.247   0.148    
20181129_20181211    20.6   12   0.915   0.167    
20181129_20181223    90.9   24   0.644   0.155    
20181129_20190104    70.2   36   0.457   0.151    
20181211_20181223    70.3   12   0.974   0.181    
20181211_20190104    49.6   24   0.784   0.162    
20181211_20190116    13.4   36   0.685   0.157    
20181223_20190104   -20.7   12   0.972   0.184    
20181223_20190116   -57.0   24   0.884   0.168    
20181223_20190128    -8.6   36   0.789   0.162    
20190104_20190116   -36.2   12   0.993   0.207    
20190104_20190128    12.1   24   0.961   0.180    
20190104_20190209   -41.4   36   0.877   0.167    
20190116_20190128    48.4   12   0.996   0.205    
20190116_20190209    -5.1   24   0.968   0.183    
20190116_20190221    63.0   36   0.930   0.172    
20190128_20190209   -53.5   12   0.994   0.206    
20190128_20190221    14.6   24   0.979   0.191    
20190128_20190305    74.0   36   0.953   0.177    
20190209_20190221    68.2   12   0.995   0.212    
20190209_20190305   127.5   24   0.984   0.188    
20190209_20190317    17.8   36   0.966   0.181    
20190221_20190305    59.4   12   0.997   0.233    
20190221_20190317   -50.4   24   0.988   0.195    
20190221_20190329   -25.4   36   0.971   0.185    
20190305_20190317  -109.7   12   0.997   0.224    
20190305_20190329   -84.7   24   0.989   0.203    
20190305_20190410  -177.2   36   0.974   0.184    
20190317_20190329    25.0   12   0.998   0.248    
20190317_20190410   -67.5   24   0.985   0.203    
20190317_20190422    95.2   36   0.952   0.174    
20190329_20190410   -92.5   12   0.997   0.236    
20190329_20190422    70.2   24   0.982   0.191    
20190329_20190504    49.7   36   0.942   0.183    
20190410_20190422   162.7   12   0.994   0.204    
20190410_20190504   142.2   24   0.962   0.192    
20190410_20190516   104.7   36   0.523   0.148    
20190422_20190504   -20.5   12   0.987   0.229    
20190422_20190516   -58.0   24   0.689   0.152    
20190422_20190528   -95.1   36   0.281   0.145    
20190422_20190703   -91.3   72   0.158   0.144    
20190422_20190715   -80.0   84   0.166   0.144    
20190422_20190727   -98.2   96   0.178   0.143    
20190422_20191007   -72.1  168   0.110   0.140    
20190422_20200404   -85.6  348   0.222   0.143    
20190422_20200416   -96.9  360   0.224   0.143    
20190422_20200428   -97.8  372   0.218   0.143    
20190504_20190516   -37.6   12   0.772   0.156    
20190504_20190528   -74.6   24   0.305   0.145    
20190504_20190609  -166.0   36   0.134   0.140    
20190516_20190528   -37.0   12   0.613   0.156    
20190516_20190609  -128.4   24   0.290   0.148    
20190516_20190703   -33.2   48   0.159   0.144    
20190516_20200510  -101.0  360   0.140   0.140    
20190528_20190609   -91.4   12   0.709   0.160    
20190528_20190703     3.8   36   0.262   0.148    
20190528_20190715    15.0   48   0.217   0.145    
20190528_20200510   -64.0  348   0.122   0.142    
20190609_20190703    95.2   24   0.287   0.147    
20190609_20190715   106.5   36   0.199   0.143    
20190609_20190727    88.3   48   0.188   0.143    
20190703_20190715    11.2   12   0.826   0.170    
20190703_20190727    -6.9   24   0.605   0.157    
20190703_20190808    39.7   36   0.338   0.147    
20190703_20191007    19.2   96   0.124   0.144    
20190703_20200404     5.7  276   0.122   0.143    
20190703_20200416    -5.6  288   0.118   0.143    
20190703_20200428    -6.6  300   0.121   0.143    
20190715_20190727   -18.2   12   0.875   0.176    
20190715_20190808    28.4   24   0.522   0.150    
20190715_20190820    37.5   36   0.553   0.155    
20190715_20191007     7.9   84   0.120   0.143    
20190715_20200404    -5.5  264   0.130   0.143    
20190715_20200416   -16.8  276   0.120   0.143    
20190715_20200428   -17.8  288   0.124   0.143    
20190727_20190808    46.6   12   0.771   0.162    
20190727_20190820    55.7   24   0.838   0.167    
20190727_20190925    83.3   60   0.233   0.145    
20190727_20191007    26.1   72   0.129   0.142    
20190727_20200404    12.6  252   0.148   0.144    
20190727_20200416     1.3  264   0.149   0.144    
20190727_20200428     0.4  276   0.153   0.144    
20190808_20190820     9.1   12   0.834   0.168    
20190808_20190925    36.7   48   0.275   0.147    
20190808_20191007   -20.5   60   0.157   0.147    
20190820_20190925    27.6   36   0.382   0.148    
20190820_20191007   -29.6   48   0.151   0.143    
20190820_20191019   -79.5   60   0.119   0.142    
20190925_20191007   -57.2   12   0.617   0.155    
20190925_20191019  -107.1   24   0.234   0.147    
20190925_20191031   -61.4   36   0.046   0.132    *
20191007_20191019   -49.9   12   0.571   0.154    
20191007_20191031    -4.1   24   0.057   0.133    *
20191007_20191112    23.4   36   0.138   0.143    
20191007_20200404   -13.5  180   0.112   0.140    
20191007_20200416   -24.8  192   0.110   0.139    
20191007_20200428   -25.7  204   0.109   0.140    
20191007_20201025   -12.9  384   0.099   0.145    *
20191019_20191031    45.8   12   0.229   0.136    
20191019_20191112    73.3   24   0.260   0.145    
20191019_20191124    34.5   36   0.091   0.138    *
20191031_20191112    27.5   12   0.349   0.137    
20191031_20191124   -11.3   24   0.114   0.133    
20191031_20191206   -57.8   36   0.085   0.133    *
20191112_20191124   -38.8   12   0.526   0.151    
20191112_20191206   -85.3   24   0.515   0.151    
20191112_20191218   -41.2   36   0.326   0.150    
20191124_20191206   -46.5   12   0.491   0.150    
20191124_20191218    -2.4   24   0.305   0.144    
20191124_20191230    41.1   36   0.182   0.141    
20191206_20191218    44.1   12   0.955   0.174    
20191206_20191230    87.6   24   0.759   0.160    
20191206_20200111    99.7   36   0.536   0.153    
20191218_20191230    43.5   12   0.972   0.180    
20191218_20200111    55.7   24   0.723   0.160    
20191218_20200123    32.1   36   0.609   0.156    
20191230_20200111    12.2   12   0.950   0.183    
20191230_20200123   -11.4   24   0.865   0.168    
20191230_20200204   -57.6   36   0.767   0.159    
20200111_20200123   -23.6   12   0.993   0.196    
20200111_20200204   -69.7   24   0.956   0.177    
20200111_20200216   -89.9   36   0.895   0.168    
20200123_20200204   -46.2   12   0.999   0.218    
20200123_20200216   -66.3   24   0.986   0.185    
20200123_20200228   -70.1   36   0.958   0.175    
20200204_20200216   -20.1   12   0.999   0.220    
20200204_20200228   -23.9   24   0.992   0.194    
20200204_20200311    85.1   36   0.972   0.180    
20200216_20200228    -3.8   12   0.999   0.226    
20200216_20200311   105.3   24   0.994   0.199    
20200216_20200323    95.9   36   0.977   0.185    
20200228_20200311   109.0   12   1.000   0.235    
20200228_20200323    99.7   24   0.995   0.205    
20200228_20200404    42.3   36   0.988   0.196    
20200311_20200323    -9.3   12   1.000   0.253    
20200311_20200404   -66.7   24   0.996   0.215    
20200311_20200416   -78.0   36   0.988   0.197    
20200323_20200404   -57.4   12   0.999   0.244    
20200323_20200416   -68.6   24   0.993   0.213    
20200323_20200428   -69.6   36   0.978   0.198    
20200404_20200416   -11.3   12   0.999   0.276    
20200404_20200428   -12.2   24   0.993   0.233    
20200404_20200510   -73.5   36   0.985   0.213    
20200404_20201025     0.6  204   0.094   0.138    *
20200416_20200428    -1.0   12   0.997   0.270    
20200416_20200510   -62.2   24   0.988   0.228    
20200416_20200522    20.7   36   0.321   0.143    
20200416_20201025    11.9  192   0.096   0.138    *
20200428_20200510   -61.3   12   0.999   0.277    
20200428_20200522    21.7   24   0.386   0.145    
20200428_20200603   -67.8   36   0.159   0.142    
20200428_20201025    12.8  180   0.091   0.139    *
20200510_20200522    82.9   12   0.485   0.147    
20200510_20200603    -6.6   24   0.176   0.143    
20200510_20200609    57.0   30   0.060   0.133    *
20200510_20210505     2.0  360   0.113   0.140    
20200510_20210517    -1.6  372   0.151   0.143    
20200510_20210529    48.3  384   0.155   0.144    
20200522_20200603   -89.5   12   0.572   0.153    
20200522_20200609   -26.0   18   0.193   0.138    
20200522_20200615    -5.6   24   0.254   0.149    
20200603_20200609    63.5    6   0.540   0.182    
20200603_20200615    83.9   12   0.813   0.162    
20200603_20200627    21.4   24   0.373   0.148    
20200609_20200615    20.4    6   0.533   0.183    
20200609_20200627   -42.1   18   0.310   0.142    
20200609_20200709   -64.8   30   0.146   0.137    
20200615_20200627   -62.5   12   0.739   0.158    
20200615_20200709   -85.2   24   0.366   0.148    
20200615_20200721     3.2   36   0.259   0.145    
20200627_20200709   -22.7   12   0.796   0.171    
20200627_20200721    65.7   24   0.460   0.154    
20200627_20200802    99.8   36   0.202   0.145    
20200709_20200721    88.4   12   0.825   0.166    
20200709_20200802   122.4   24   0.355   0.147    
20200709_20200814    90.4   36   0.268   0.151    
20200721_20200802    34.0   12   0.687   0.159    
20200721_20200814     2.0   24   0.502   0.155    
20200721_20200826    44.7   36   0.195   0.144    
20200802_20200814   -32.1   12   0.642   0.159    
20200802_20200826    10.7   24   0.300   0.153    
20200802_20200907   -17.3   36   0.170   0.150    
20200814_20200826    42.7   12   0.427   0.150    
20200814_20200907    14.7   24   0.182   0.144    
20200814_20200919    -5.9   36   0.129   0.143    
20200826_20200907   -28.0   12   0.566   0.158    
20200826_20200919   -48.7   24   0.214   0.148    
20200826_20201025   -51.2   60   0.128   0.147    
20200907_20200919   -20.6   12   0.613   0.156    
20200907_20201025   -23.2   48   0.149   0.147    
20200907_20201106    12.6   60   0.114   0.147    
20200919_20201025    -2.5   36   0.159   0.147    
20200919_20201106    33.3   48   0.115   0.146    
20200919_20201212     2.7   84   0.111   0.142    
20201025_20201106    35.8   12   0.244   0.149    
20201025_20201212     5.2   48   0.134   0.143    
20201025_20201224   -51.6   60   0.123   0.142    
20201025_20210704   -12.1  252   0.097   0.145    *
20201025_20210728  -124.0  276   0.096   0.140    *
20201025_20211008    -6.0  348   0.097   0.145    *
20201106_20201212   -30.6   36   0.115   0.143    
20201106_20201224   -87.4   48   0.112   0.142    
20201106_20210105   -79.0   60   0.106   0.141    
20201212_20201224   -56.8   12   0.824   0.162    
20201212_20210105   -48.4   24   0.492   0.154    
20201212_20210129    77.6   48   0.243   0.148    
20201224_20210105     8.4   12   0.969   0.176    
20201224_20210129   134.4   36   0.428   0.151    
20201224_20210210   124.7   48   0.343   0.149    
20210105_20210129   126.0   24   0.733   0.159    
20210105_20210210   116.4   36   0.571   0.153    
20210105_20210222    -6.8   48   0.500   0.153    
20210129_20210210    -9.6   12   0.994   0.195    
20210129_20210222  -132.8   24   0.935   0.171    
20210210_20210222  -123.1   12   0.995   0.204    
20210423_20210505   -58.7   12   0.790   0.166    
20210423_20210517   -62.4   24   0.812   0.165    
20210423_20210529   -12.5   36   0.766   0.161    
20210505_20210517    -3.7   12   0.739   0.162    
20210505_20210529    46.3   24   0.628   0.155    
20210505_20210622    49.6   48   0.414   0.147    
20210517_20210529    49.9   12   0.972   0.205    
20210517_20210622    53.3   36   0.703   0.157    
20210517_20210704    63.6   48   0.220   0.142    
20210529_20210622     3.3   24   0.855   0.169    
20210529_20210704    13.7   36   0.272   0.145    
20210529_20210716    13.6   48   0.359   0.149    
20210622_20210704    10.4   12   0.591   0.152    
20210622_20210716    10.3   24   0.521   0.153    
20210622_20210728  -101.5   36   0.484   0.150    
20210704_20210716    -0.1   12   0.575   0.155    
20210704_20210728  -111.9   24   0.491   0.151    
20210704_20210809   -25.3   36   0.316   0.147    
20210704_20211008     6.1   96   0.105   0.147    
20210704_20220418    29.8  288   0.101   0.141    
20210704_20220723    26.4  384   0.098   0.142    *
20210716_20210728  -111.8   12   0.849   0.172    
20210716_20210809   -25.2   24   0.699   0.159    
20210716_20210821    22.3   36   0.203   0.144    
20210728_20210809    86.6   12   0.884   0.174    
20210728_20210821   134.1   24   0.269   0.144    
20210728_20211008   118.0   72   0.106   0.141    
20210728_20220418   141.7  264   0.121   0.143    
20210728_20220723   138.3  360   0.098   0.141    *
20210809_20210821    47.5   12   0.408   0.148    
20211008_20211020    40.4   12   0.556   0.155    
20211008_20220418    23.7  192   0.109   0.140    
20211008_20220723    20.3  288   0.100   0.143    *
20211008_20221027   105.2  384   0.094   0.142    *
20211219_20211231   -95.8   12   0.983   0.184    
20211219_20220112   -32.6   24   0.856   0.166    
20211219_20220124   -48.7   36   0.731   0.160    
20211231_20220112    63.3   12   0.988   0.193    
20211231_20220124    47.1   24   0.910   0.174    
20211231_20220205    36.3   36   0.823   0.165    
20220112_20220124   -16.2   12   1.000   0.209    
20220112_20220205   -27.0   24   0.968   0.182    
20220112_20220217    23.8   36   0.910   0.170    
20220124_20220205   -10.8   12   0.999   0.223    
20220124_20220217    40.0   24   0.982   0.187    
20220124_20220301     8.7   36   0.932   0.169    
20220205_20220217    50.7   12   0.996   0.220    
20220205_20220301    19.5   24   0.983   0.183    
20220205_20220325    45.8   48   0.934   0.172    
20220217_20220301   -31.2   12   0.996   0.223    
20220217_20220325    -5.0   36   0.981   0.186    
20220217_20220418   -12.8   60   0.764   0.161    
20220301_20220325    26.3   24   0.983   0.188    
20220301_20220418    18.4   48   0.826   0.161    
20220301_20220605    75.1   96   0.111   0.141    
20220325_20220418    -7.8   24   0.954   0.187    
20220325_20220605    48.9   72   0.118   0.140    
20220325_20220617   -84.9   84   0.107   0.138    
20220418_20220605    56.7   48   0.112   0.141    
20220418_20220617   -77.1   60   0.107   0.139    
20220418_20220629    12.7   72   0.104   0.142    
20220418_20220723    -3.4   96   0.103   0.142    
20220418_20221027    81.5  192   0.098   0.140    *
20220418_20230401     9.6  348   0.148   0.144    
20220418_20230413    12.2  360   0.178   0.144    
20220418_20230425   -26.4  372   0.175   0.145    
20220605_20220617  -133.8   12   0.570   0.152    
20220605_20220629   -44.0   24   0.305   0.150    
20220605_20220723   -60.1   48   0.158   0.145    
20220617_20220629    89.8   12   0.740   0.157    
20220617_20220723    73.7   36   0.208   0.145    
20220617_20220816    73.2   60   0.149   0.144    
20220629_20220723   -16.1   24   0.327   0.150    
20220629_20220816   -16.6   48   0.155   0.146    
20220629_20220828   -25.9   60   0.144   0.146    
20220723_20220816    -0.5   24   0.366   0.153    
20220723_20220828    -9.8   36   0.220   0.148    
20220723_20220909   132.7   48   0.144   0.144    
20220723_20221027    85.0   96   0.113   0.145    
20220723_20230401    13.0  252   0.101   0.141    
20220723_20230413    15.6  264   0.099   0.141    *
20220723_20230425   -23.0  276   0.102   0.142    
20220723_20230706     3.6  348   0.099   0.144    *
20220723_20230718    -2.6  360   0.100   0.144    
20220816_20220828    -9.3   12   0.717   0.160    
20220816_20220909   133.2   24   0.297   0.147    
20220816_20220921  -366.3   36   0.103   0.137    
20220828_20220909   142.5   12   0.621   0.153    
20220828_20220921  -356.9   24   0.141   0.137    
20220828_20221003    15.5   36   0.133   0.144    
20220909_20220921  -499.5   12   0.266   0.137    
20220909_20221003  -127.0   24   0.174   0.147    
20220909_20221027   -47.7   48   0.123   0.145    
20220921_20221003   372.5   12   0.350   0.143    
20220921_20221027   451.7   36   0.098   0.134    *
20220921_20221108   266.7   48   0.115   0.141    
20221003_20221027    79.3   24   0.163   0.146    
20221003_20221108  -105.8   36   0.164   0.146    
20221003_20221120    61.0   48   0.128   0.143    
20221027_20221108  -185.0   12   0.570   0.147    
20221027_20221120   -18.3   24   0.302   0.149    
20221027_20221202  -115.5   36   0.206   0.146    
20221027_20230401   -71.9  156   0.107   0.141    
20221027_20230413   -69.3  168   0.112   0.141    
20221027_20230425  -108.0  180   0.109   0.141    
20221027_20230706   -81.4  252   0.103   0.144    
20221027_20230718   -87.5  264   0.099   0.143    *
20221027_20231022    -2.2  360   0.097   0.143    *
20221108_20221120   166.7   12   0.436   0.144    
20221108_20221202    69.5   24   0.257   0.144    
20221108_20221214    47.9   36   0.185   0.143    
20221120_20221202   -97.2   12   0.902   0.160    
20221120_20221214  -118.8   24   0.398   0.148    
20221120_20230107   -75.3   48   0.194   0.146    
20221202_20221214   -21.6   12   0.803   0.158    
20221202_20230107    21.9   36   0.275   0.148    
20221202_20230119  -232.2   48   0.192   0.141    
20221214_20230107    43.6   24   0.616   0.155    
20221214_20230119  -210.6   36   0.408   0.145    
20221214_20230131    89.3   48   0.347   0.149    
20230107_20230119  -254.1   12   0.981   0.174    
20230107_20230131    45.7   24   0.826   0.166    
20230107_20230212   -16.7   36   0.715   0.160    
20230119_20230131   299.8   12   0.937   0.170    
20230119_20230212   237.4   24   0.835   0.158    
20230119_20230224   168.2   36   0.730   0.156    
20230131_20230212   -62.4   12   0.986   0.197    
20230131_20230224  -131.7   24   0.925   0.174    
20230131_20230308  -132.8   36   0.873   0.166    
20230212_20230224   -69.2   12   0.991   0.203    
20230212_20230308   -70.4   24   0.966   0.183    
20230212_20230320    -0.0   36   0.865   0.164    
20230224_20230308    -1.2   12   0.994   0.219    
20230224_20230320    69.2   24   0.924   0.170    
20230224_20230401   107.6   36   0.900   0.168    
20230308_20230320    70.4   12   0.979   0.187    
20230308_20230401   108.7   24   0.950   0.178    
20230308_20230413   111.4   36   0.937   0.171    
20230320_20230401    38.4   12   0.983   0.194    
20230320_20230413    41.0   24   0.960   0.177    
20230320_20230425     2.4   36   0.924   0.172    
20230401_20230413     2.6   12   0.989   0.231    
20230401_20230425   -36.0   24   0.974   0.195    
20230401_20230507    79.1   36   0.960   0.182    
20230401_20230706    -9.4   96   0.125   0.144    
20230401_20230718   -15.6  108   0.132   0.141    
20230401_20231022    69.7  204   0.098   0.138    *
20230401_20240407    57.9  372   0.192   0.144    
20230401_20240419    10.9  384   0.214   0.146    
20230413_20230425   -38.6   12   0.988   0.232    
20230413_20230507    76.5   24   0.979   0.205    
20230413_20230519    94.9   36   0.950   0.182    
20230413_20230706   -12.0   84   0.131   0.144    
20230413_20230718   -18.2   96   0.128   0.141    
20230413_20231022    67.1  192   0.099   0.138    *
20230413_20240407    55.3  360   0.208   0.144    
20230413_20240419     8.3  372   0.237   0.145    
20230425_20230507   115.1   12   0.991   0.227    
20230425_20230519   133.6   24   0.975   0.200    
20230425_20230531   126.5   36   0.287   0.140    
20230425_20230706    26.6   72   0.120   0.145    
20230425_20230718    20.4   84   0.134   0.142    
20230425_20231022   105.7  180   0.092   0.139    *
20230425_20240407    93.9  348   0.219   0.145    
20230425_20240419    46.9  360   0.233   0.146    
20230507_20230519    18.4   12   0.990   0.233    
20230507_20230531    11.4   24   0.324   0.143    
20230507_20230612   -98.8   36   0.242   0.143    
20230507_20240501   -55.3  360   0.190   0.144    
20230507_20240513  -183.7  372   0.137   0.139    
20230507_20240525    65.5  384   0.117   0.143    
20230519_20230531    -7.0   12   0.409   0.152    
20230519_20230612  -117.2   24   0.311   0.144    
20230519_20230624   -68.3   36   0.218   0.144    
20230531_20230612  -110.2   12   0.360   0.154    
20230531_20230624   -61.2   24   0.172   0.139    
20230531_20230706   -99.9   36   0.081   0.135    *
20230612_20230624    49.0   12   0.639   0.158    
20230612_20230706    10.3   24   0.257   0.147    
20230612_20230718     4.1   36   0.208   0.148    
20230624_20230706   -38.7   12   0.570   0.157    
20230624_20230718   -44.9   24   0.345   0.150    
20230624_20230730   -11.8   36   0.287   0.147    
20230706_20230718    -6.2   12   0.610   0.157    
20230706_20230730    26.9   24   0.372   0.152    
20230706_20230811  -250.9   36   0.227   0.143    
20230706_20231022    79.1  108   0.105   0.142    
20230706_20240407    67.3  276   0.110   0.143    
20230706_20240419    20.3  288   0.107   0.143    
20230706_20240712     1.1  372   0.103   0.144    
20230718_20230730    33.0   12   0.745   0.167    
20230718_20230811  -244.7   24   0.447   0.147    
20230718_20230823   -54.9   36   0.325   0.151    
20230718_20231022    85.3   96   0.108   0.144    
20230718_20240407    73.5  264   0.109   0.140    
20230718_20240419    26.5  276   0.107   0.140    
20230718_20240712     7.3  360   0.103   0.143    
20230730_20230811  -277.8   12   0.802   0.168    
20230730_20230823   -87.9   24   0.463   0.150    
20230730_20230904    23.7   36   0.274   0.150    
20230811_20230823   189.9   12   0.606   0.150    
20230811_20230904   301.5   24   0.270   0.140    
20230811_20230916   297.5   36   0.150   0.136    
20230823_20230904   111.7   12   0.489   0.149    
20230823_20230916   107.7   24   0.271   0.149    
20230823_20230928    50.0   36   0.169   0.148    
20230904_20230916    -4.0   12   0.534   0.153    
20230904_20230928   -61.7   24   0.248   0.145    
20230904_20231010  -216.1   36   0.150   0.140    
20230916_20230928   -57.7   12   0.461   0.153    
20230916_20231010  -212.1   24   0.215   0.145    
20230916_20231022    32.5   36   0.138   0.148    
20230928_20231010  -154.4   12   0.543   0.153    
20230928_20231022    90.2   24   0.188   0.149    
20230928_20231103   -22.0   36   0.133   0.148    
20231010_20231022   244.6   12   0.338   0.146    
20231010_20231103   132.4   24   0.176   0.147    
20231010_20231115   236.5   36   0.126   0.144    
20231022_20231103  -112.2   12   0.389   0.151    
20231022_20231115    -8.2   24   0.186   0.150    
20231022_20231127  -162.6   36   0.124   0.142    
20231022_20240407   -11.8  168   0.098   0.139    *
20231022_20240419   -58.8  180   0.097   0.138    *
20231022_20240712   -78.0  264   0.100   0.142    
20231022_20241004  -200.7  348   0.096   0.144    *
20231022_20241016  -111.6  360   0.098   0.142    *
20231022_20241028   -73.1  372   0.091   0.140    *
20231103_20231115   104.0   12   0.446   0.151    
20231103_20231127   -50.4   24   0.208   0.145    
20231103_20231209    54.4   36   0.139   0.144    
20231115_20231127  -154.4   12   0.449   0.147    
20231115_20231209   -49.7   24   0.189   0.145    
20231115_20231221  -299.2   36   0.129   0.137    
20231127_20231209   104.7   12   0.644   0.154    
20231127_20231221  -144.8   24   0.288   0.147    
20231127_20240102   -34.6   36   0.233   0.147    
20231209_20231221  -249.5   12   0.728   0.155    
20231209_20240102  -139.4   24   0.511   0.150    
20231209_20240114   -30.4   36   0.313   0.150    
20231221_20240102   110.1   12   0.950   0.169    
20231221_20240114   219.2   24   0.608   0.151    
20231221_20240126   281.1   36   0.410   0.145    
20240102_20240114   109.0   12   0.954   0.173    
20240102_20240126   170.9   24   0.685   0.155    
20240102_20240207    65.6   36   0.541   0.152    
20240114_20240126    61.9   12   0.923   0.176    
20240114_20240207   -43.4   24   0.771   0.160    
20240114_20240219     4.0   36   0.702   0.158    
20240126_20240207  -105.3   12   0.976   0.179    
20240126_20240219   -57.9   24   0.914   0.171    
20240126_20240302   -21.4   36   0.832   0.164    
20240207_20240219    47.4   12   0.977   0.184    
20240207_20240302    83.9   24   0.898   0.166    
20240207_20240314     9.1   36   0.807   0.161    
20240219_20240302    36.5   12   0.994   0.205    
20240219_20240314   -38.3   24   0.968   0.183    
20240219_20240326  -180.5   36   0.920   0.169    
20240302_20240314   -74.8   12   0.993   0.228    
20240302_20240326  -217.0   24   0.969   0.181    
20240302_20240407    35.9   36   0.937   0.176    
20240314_20240326  -142.2   12   0.990   0.210    
20240314_20240407   110.7   24   0.970   0.188    
20240314_20240419    63.7   36   0.954   0.181    
20240326_20240407   252.9   12   0.991   0.209    
20240326_20240419   205.9   24   0.975   0.187    
20240326_20240501   218.9   36   0.874   0.162    
20240407_20240419   -47.0   12   0.987   0.230    
20240407_20240501   -34.0   24   0.948   0.181    
20240407_20240513  -162.4   36   0.718   0.155    
20240407_20240712   -66.2   96   0.114   0.142    
20240407_20241004  -188.9  180   0.089   0.139    *
20240407_20241016   -99.7  192   0.091   0.139    *
20240407_20241028   -61.3  204   0.102   0.142    
20240407_20250402    38.9  360   0.170   0.144    
20240407_20250426   172.2  384   0.170   0.141    
20240419_20240501    13.0   12   0.979   0.202    
20240419_20240513  -115.5   24   0.785   0.160    
20240419_20240525   133.7   36   0.355   0.147    
20240419_20240712   -19.2   84   0.113   0.142    
20240419_20241004  -141.9  168   0.094   0.139    *
20240419_20241016   -52.8  180   0.096   0.139    *
20240419_20241028   -14.3  192   0.101   0.142    
20240419_20250402    85.9  348   0.192   0.144    
20240419_20250426   219.1  372   0.180   0.141    
20240501_20240513  -128.4   12   0.951   0.181    
20240501_20240525   120.8   24   0.512   0.152    
20240501_20240606     8.3   36   0.305   0.146    
20240501_20250508    16.9  372   0.131   0.142    
20240501_20250520   -42.9  384   0.150   0.143    
20240513_20240525   249.2   12   0.709   0.156    
20240513_20240606   136.8   24   0.417   0.147    
20240513_20240618   184.0   36   0.131   0.140    
20240513_20250508   145.3  360   0.117   0.140    
20240513_20250520    85.5  372   0.136   0.142    
20240525_20240606  -112.4   12   0.792   0.164    
20240525_20240618   -65.2   24   0.196   0.145    
20240525_20240630  -166.8   36   0.147   0.142    
20240525_20250508  -103.9  348   0.112   0.142    
20240525_20250520  -163.7  360   0.114   0.142    
20240606_20240618    47.3   12   0.406   0.152    
20240606_20240630   -54.4   24   0.200   0.148    
20240606_20240712   -40.5   36   0.170   0.146    
20240618_20240630  -101.6   12   0.601   0.160    
20240618_20240712   -87.8   24   0.253   0.146    
20240618_20240724  -140.5   36   0.146   0.145    
20240630_20240712    13.9   12   0.545   0.154    
20240630_20240724   -38.8   24   0.260   0.148    
20240630_20240805    69.2   36   0.155   0.146    
20240712_20240724   -52.7   12   0.707   0.162    
20240712_20240805    55.4   24   0.335   0.151    
20240712_20240817    27.4   36   0.225   0.149    
20240712_20241004  -122.7   84   0.111   0.144    
20240712_20241016   -33.5   96   0.113   0.144    
20240712_20241028     4.9  108   0.112   0.145    
20240712_20250402   105.1  264   0.112   0.141    
20240712_20250426   238.4  288   0.106   0.139    
20240712_20250719    13.5  372   0.098   0.143    *
20240712_20250731     6.3  384   0.097   0.143    *
20240724_20240805   108.0   12   0.607   0.164    
20240724_20240817    80.0   24   0.333   0.149    
20240724_20240829    40.4   36   0.199   0.149    
20240805_20240817   -28.0   12   0.597   0.157    
20240805_20240829   -67.6   24   0.277   0.150    
20240805_20240910  -162.8   36   0.141   0.144    
20240817_20240829   -39.6   12   0.689   0.157    
20240817_20240910  -134.7   24   0.206   0.144    
20240817_20240922   -65.2   36   0.164   0.144    
20240829_20240910   -95.1   12   0.475   0.152    
20240829_20240922   -25.6   24   0.231   0.148    
20240829_20241004  -110.4   36   0.137   0.145    
20240910_20240922    69.5   12   0.470   0.151    
20240910_20241004   -15.3   24   0.176   0.148    
20240910_20241016    73.9   36   0.137   0.145    
20240922_20241004   -84.8   12   0.453   0.154    
20240922_20241016     4.3   24   0.204   0.148    
20240922_20241028    42.8   36   0.149   0.144    
20241004_20241016    89.1   12   0.464   0.153    
20241004_20241028   127.6   24   0.190   0.145    
20241004_20241109    92.4   36   0.136   0.150    
20241004_20250402   227.8  180   0.092   0.138    *
20241004_20250426   361.0  204   0.085   0.135    *
20241004_20250719   136.2  288   0.095   0.142    *
20241004_20250731   129.0  300   0.093   0.141    *
20241004_20251011   294.2  372   0.084   0.140    *
20241004_20251023   116.4  384   0.091   0.142    *
20241016_20241028    38.5   12   0.419   0.149    
20241016_20241109     3.3   24   0.189   0.148    
20241016_20241121    36.6   36   0.137   0.147    
20241016_20250402   138.7  168   0.101   0.139    
20241016_20250426   271.9  192   0.092   0.136    *
20241016_20250719    47.1  276   0.093   0.142    *
20241016_20250731    39.8  288   0.094   0.142    *
20241016_20251011   205.0  360   0.091   0.141    *
20241016_20251023    27.3  372   0.098   0.143    *
20241028_20241109   -35.2   12   0.284   0.146    
20241028_20241121    -1.8   24   0.158   0.145    
20241028_20241203    43.3   36   0.211   0.148    
20241028_20250402   100.2  156   0.109   0.142    
20241028_20250426   233.5  180   0.101   0.139    
20241028_20250719     8.6  264   0.106   0.144    
20241028_20250731     1.4  276   0.107   0.144    
20241028_20251011   166.6  348   0.089   0.139    *
20241028_20251023   -11.2  360   0.101   0.144    
20241109_20241121    33.4   12   0.327   0.151    
20241109_20241203    78.5   24   0.151   0.144    
20241109_20241215   125.0   36   0.118   0.142    
20241121_20241203    45.1   12   0.362   0.148    
20241121_20241215    91.6   24   0.169   0.144    
20241121_20241227    -7.2   36   0.152   0.144    
20241203_20241215    46.6   12   0.740   0.157    
20241203_20241227   -52.3   24   0.430   0.151    
20241203_20250108   -70.5   36   0.323   0.149    
20241215_20241227   -98.8   12   0.904   0.165    
20241215_20250108  -117.0   24   0.610   0.154    
20241215_20250120  -136.0   36   0.273   0.145    
20241227_20250108   -18.2   12   0.949   0.172    
20241227_20250120   -37.2   24   0.495   0.150    
20241227_20250201   -54.9   36   0.422   0.149    
20250108_20250120   -19.0   12   0.775   0.161    
20250108_20250201   -36.7   24   0.622   0.156    
20250108_20250213    31.3   36   0.494   0.153    
20250120_20250201   -17.7   12   0.720   0.159    
20250120_20250213    50.3   24   0.504   0.151    
20250120_20250225   -54.4   36   0.401   0.147    
20250201_20250213    68.1   12   0.942   0.177    
20250201_20250225   -36.7   24   0.784   0.163    
20250201_20250309    74.3   36   0.640   0.156    
20250213_20250225  -104.7   12   0.981   0.191    
20250213_20250309     6.2   24   0.904   0.173    
20250213_20250321    68.8   36   0.789   0.162    
20250225_20250309   111.0   12   0.981   0.195    
20250225_20250321   173.5   24   0.913   0.169    
20250225_20250402   200.8   36   0.837   0.160    
20250309_20250321    62.6   12   0.976   0.202    
20250309_20250402    89.9   24   0.947   0.179    
20250309_20250414   -84.9   36   0.891   0.169    
20250321_20250402    27.3   12   0.979   0.205    
20250321_20250414  -147.5   24   0.946   0.179    
20250321_20250426   160.5   36   0.903   0.169    
20250402_20250414  -174.8   12   0.980   0.209    
20250402_20250426   133.2   24   0.957   0.188    
20250402_20250508   -56.1   36   0.668   0.153    
20250402_20250719   -91.6  108   0.169   0.145    
20250402_20250731   -98.8  120   0.166   0.144    
20250402_20251011    66.4  192   0.098   0.138    *
20250402_20251023  -111.4  204   0.106   0.141    
20250402_20260409  -120.0  372   0.193   0.144    
20250414_20250426   308.0   12   0.981   0.200    
20250414_20250508   118.7   24   0.696   0.155    
20250414_20250520    58.9   36   0.834   0.165    
20250426_20250508  -189.3   12   0.847   0.162    
20250426_20250520  -249.1   24   0.878   0.165    
20250426_20250601  -191.6   36   0.705   0.155    
20250426_20250719  -224.8   84   0.166   0.142    
20250426_20250731  -232.1   96   0.184   0.142    
20250426_20251011   -66.9  168   0.098   0.139    *
20250426_20251023  -244.6  180   0.095   0.139    *
20250426_20260409  -253.3  348   0.202   0.142    
20250508_20250520   -59.8   12   0.915   0.177    
20250508_20250601    -2.3   24   0.833   0.164    
20250508_20250625    42.3   48   0.238   0.146    
20250508_20260503     7.7  360   0.141   0.142    
20250520_20250601    57.5   12   0.951   0.193    
20250520_20250625   102.1   36   0.338   0.148    
20250520_20250707    84.4   48   0.171   0.144    
20250520_20260503    67.4  348   0.190   0.146    
20250601_20250625    44.6   24   0.364   0.150    
20250601_20250707    26.9   36   0.184   0.146    
20250601_20250719   -33.3   48   0.208   0.146    
20250625_20250707   -17.7   12   0.639   0.159    
20250625_20250719   -77.9   24   0.428   0.152    
20250625_20250731   -85.1   36   0.368   0.150    
20250707_20250719   -60.1   12   0.625   0.159    
20250707_20250731   -67.4   24   0.473   0.152    
20250707_20250812   -78.2   36   0.342   0.147    
20250719_20250731    -7.2   12   0.872   0.180    
20250719_20250812   -18.1   24   0.711   0.162    
20250719_20250824    -5.1   36   0.414   0.151    
20250719_20251011   158.0   84   0.099   0.140    *
20250719_20251023   -19.8   96   0.114   0.145    
20250719_20260409   -28.4  264   0.128   0.144    
20250731_20250812   -10.9   12   0.913   0.185    
20250731_20250824     2.1   24   0.617   0.155    
20250731_20250905   -75.9   36   0.460   0.151    
20250731_20251011   165.2   72   0.100   0.140    *
20250731_20251023   -12.5   84   0.117   0.145    
20250731_20260409   -21.2  252   0.138   0.144    
20250812_20250824    13.0   12   0.770   0.161    
20250812_20250905   -65.0   24   0.604   0.154    
20250812_20250917   -68.8   36   0.142   0.142    
20250824_20250905   -78.0   12   0.870   0.166    
20250824_20250917   -81.8   24   0.212   0.144    
20250824_20250929   -70.7   36   0.122   0.144    
20250905_20250917    -3.8   12   0.321   0.146    
20250905_20250929     7.2   24   0.126   0.143    
20250905_20251011   241.0   36   0.108   0.138    
20250917_20250929    11.0   12   0.498   0.155    
20250917_20251011   244.9   24   0.160   0.143    
20250917_20251023    67.1   36   0.129   0.143    
20250929_20251011   233.8   12   0.378   0.148    
20250929_20251023    56.1   24   0.174   0.146    
20250929_20251104    71.6   36   0.146   0.146    
20251011_20251023  -177.7   12   0.432   0.146    
20251011_20251104  -162.2   24   0.205   0.144    
20251011_20251116  -172.1   36   0.135   0.142    
20251011_20260409  -186.4  180   0.094   0.137    *
20251023_20251104    15.5   12   0.580   0.153    
20251023_20251116     5.6   24   0.255   0.149    
20251023_20251128     5.5   36   0.174   0.147    
20251023_20260409    -8.7  168   0.113   0.142    
20251104_20251116    -9.9   12   0.697   0.154    
20251104_20251128   -10.0   24   0.330   0.148    
20251104_20251210    88.8   36   0.250   0.147    
20251116_20251128    -0.1   12   0.613   0.154    
20251116_20251210    98.7   24   0.351   0.149    
20251116_20251222    50.4   36   0.226   0.148    
20251128_20251210    98.8   12   0.836   0.160    
20251128_20251222    50.6   24   0.507   0.154    
20251128_20260103    65.6   36   0.335   0.151    
20251210_20251222   -48.2   12   0.856   0.163    
20251210_20260103   -33.2   24   0.545   0.154    
20251210_20260115   -59.0   36   0.412   0.151    
20251222_20260103    15.0   12   0.927   0.174    
20251222_20260115   -10.8   24   0.730   0.161    
20251222_20260127    -6.3   36   0.590   0.156    
20260103_20260115   -25.8   12   0.969   0.186    
20260103_20260127   -21.3   24   0.860   0.168    
20260103_20260208   -52.3   36   0.745   0.160    
20260115_20260127     4.5   12   0.982   0.195    
20260115_20260208   -26.5   24   0.925   0.173    
20260115_20260220   -57.7   36   0.853   0.165    
20260127_20260208   -31.0   12   0.985   0.202    
20260127_20260220   -62.2   24   0.951   0.178    
20260127_20260304   -81.4   36   0.892   0.167    
20260208_20260220   -31.2   12   0.986   0.209    
20260208_20260304   -50.5   24   0.965   0.182    
20260208_20260316    -2.1   36   0.933   0.175    
20260220_20260304   -19.2   12   0.985   0.213    
20260220_20260316    29.2   24   0.971   0.192    
20260220_20260328    -5.9   36   0.946   0.178    
20260304_20260316    48.4   12   0.991   0.226    
20260304_20260328    13.3   24   0.974   0.192    
20260304_20260409    23.0   36   0.954   0.181    
20260316_20260328   -35.0   12   0.992   0.229    
20260316_20260409   -25.3   24   0.978   0.202    
20260328_20260409     9.7   12   0.992   0.251    
20260328_20260503    81.3   36   0.950   0.183    
20260409_20260503    71.6   24   0.977   0.202    
