20141009
20141102
20141126
20141220
20150501
20150525
20150618
20150712
20150829
20151016
20151109
20151203
20151227
20160120
20160213
20160308
20160401
20160425
20160519
20160612
20160706
20160730
20160823
20160916
20161004
20161028
20161121
20161215
20170108
20170201
20170219
20170303
20170327
20170408
20170420
20170502
20170514
20170526
20170607
20170619
20170701
20170725
20170806
20170818
20170830
20170911
20170923
20171005
20171017
20171029
20171110
20171122
20171204
20171216
20171228
20180109
20180121
20180202
20180214
20180226
20180310
20180322
20180403
20180415
20180427
20180509
20180521
20180602
20180614
20180626
20180708
20180720
20180813
20180906
20180918
20180930
20181012
20181018
20181024
20181105
20181129
20181211
20181223
20190104
20190116
20190128
20190209
20190221
20190305
20190317
20190329
20190410
20190422
20190504
20190516
20190528
20190609
20190703
20190715
20190727
20190808
20190820
20190925
20191007
20191019
20191031
20191112
20191124
20191206
20191218
20191230
20200111
20200123
20200204
20200216
20200228
20200311
20200323
20200404
20200416
20200428
20200510
20200522
20200603
20200609
20200615
20200627
20200709
20200721
20200802
20200814
20200826
20200907
20200919
20201025
20201106
20201212
20201224
20210105
20210129
20210210
20210222
20210423
20210505
20210517
20210529
20210622
20210704
20210716
20210728
20210809
20210821
20211008
20211219
20211231
20220112
20220124
20220205
20220217
20220301
20220325
20220418
20220605
20220617
20220629
20220723
20220816
20220828
20220909
20220921
20221003
20221027
20221108
20221120
20221202
20221214
20230107
20230119
20230131
20230212
20230224
20230308
20230320
20230401
20230413
20230425
20230507
20230519
20230531
20230612
20230624
20230706
20230718
20230730
20230811
20230823
20230904
20230916
20230928
20231010
20231022
20231103
20231115
20231127
20231209
20231221
20240102
20240114
20240126
20240207
20240219
20240302
20240314
20240326
20240407
20240419
20240501
20240513
20240525
20240606
20240618
20240630
20240712
20240724
20240805
20240817
20240829
20240910
20240922
20241004
20241016
20241028
20241109
20241121
20241203
20241215
20241227
20250108
20250120
20250201
20250213
20250225
20250309
20250321
20250402
20250414
20250426
20250508
20250520
20250601
20250625
20250707
20250719
20250731
20250812
20250824
20250905
20250917
20250929
20251011
20251023
20251104
20251116
20251128
20251210
20251222
20260103
20260115
20260127
20260208
20260220
20260304
20260316
20260328
20260409
20260503
