# loop_thre: 8.0 rad
# *: Removed w/o ref, **: No ref, ***: Removed w/ ref
# /: Candidates of bad loops but causative ifgs unidentified
# image1   image2   image3 RMS w/oref  w/ref
20180105 20180117 20180129     0.27    0.27    
20180105 20180117 20180210     0.28    0.29    
20180105 20180117 20190106     1.17    1.26    
20180105 20180117 20190112     0.71    0.98    
20180105 20180117 20190118     0.92    1.14    
20180105 20180117 20190124     0.86    0.86    
20180105 20180117 20190130     0.86    0.87    
20180105 20180129 20180210     0.33    0.36    
20180105 20180129 20190106     1.17    1.41    
20180105 20180129 20190112     0.93    1.07    
20180105 20180129 20190118     0.87    0.99    
20180105 20180129 20190124     0.83    0.83    
20180105 20180129 20190130     1.09    1.12    
20180105 20190106 20190112     1.11    1.12    
20180105 20190106 20190118     1.19    1.19    
20180105 20190106 20190124     1.18    1.38    
20180105 20190112 20190118     0.88    0.88    
20180105 20190112 20190124     0.82    1.00    
20180105 20190112 20190130     0.78    0.88    
20180105 20190118 20190124     0.75    1.01    
20180105 20190118 20190130     1.01    1.10    
20180105 20190124 20190130     1.01    1.04    
20180117 20180129 20180210     0.14    0.16    
20180117 20180129 20180222     0.17    0.19    
20180117 20180129 20190106     0.71    0.75    
20180117 20180129 20190112     0.97    0.99    
20180117 20180129 20190118     0.69    0.73    
20180117 20180129 20190124     0.47    0.47    
20180117 20180129 20190130     1.09    1.09    
20180117 20180210 20180222     0.15    0.16    
20180117 20190106 20190112     0.78    0.85    
20180117 20190106 20190118     0.78    0.83    
20180117 20190106 20190124     0.64    0.67    
20180117 20190112 20190118     0.80    0.80    
20180117 20190112 20190124     0.73    0.73    
20180117 20190112 20190130     0.85    0.86    
20180117 20190118 20190124     0.70    0.70    
20180117 20190118 20190130     0.87    0.88    
20180117 20190124 20190130     0.78    0.78    
20180129 20180210 20180222     0.14    0.17    
20180129 20180210 20180306     0.17    0.19    
20180129 20180222 20180306     0.17    0.17    
20180129 20190106 20190112     0.98    0.99    
20180129 20190106 20190118     0.66    0.69    
20180129 20190106 20190124     0.59    0.59    
20180129 20190112 20190118     0.95    0.95    
20180129 20190112 20190124     0.96    0.96    
20180129 20190112 20190130     0.98    0.99    
20180129 20190118 20190124     0.51    0.56    
20180129 20190118 20190130     1.02    1.05    
20180129 20190124 20190130     1.05    1.05    
20180210 20180222 20180306     0.13    0.14    
20180210 20180222 20180318     1.40    1.40    
20180210 20180222 20190205     0.74    0.74    
20180210 20180222 20190211     0.63    0.64    
20180210 20180222 20190217     0.94    0.94    
20180210 20180222 20190223     0.85    0.85    
20180210 20180306 20180318     1.42    1.42    
20180210 20190205 20190211     0.69    0.69    
20180210 20190205 20190217     0.77    0.77    
20180210 20190205 20190223     0.66    0.66    
20180210 20190211 20190217     0.73    0.74    
20180210 20190211 20190223     0.66    0.66    
20180210 20190217 20190223     0.70    0.70    
20180222 20180306 20180318     1.17    1.17    
20180222 20180306 20180330     0.16    0.21    
20180222 20180318 20180330     0.98    1.00    
20180222 20190205 20190211     0.73    0.74    
20180222 20190205 20190217     0.84    0.84    
20180222 20190205 20190223     0.92    0.94    
20180222 20190211 20190217     0.89    0.89    
20180222 20190211 20190223     0.87    0.87    
20180222 20190217 20190223     1.10    1.10    
20180306 20180318 20180330     1.05    1.05    
20180306 20180318 20180411     3.01    2.95    
20180306 20180330 20180411     3.67    3.64    
20180318 20180330 20180411     2.80    2.85    
20180318 20180330 20180423     1.08    1.09    
20180318 20180411 20180423     2.28    2.31    
20180330 20180411 20180423     3.00    2.96    
20180330 20180411 20180505     3.28    6.97    
20180330 20180423 20180505     0.45    0.45    
20180411 20180423 20180505     3.21    6.49    
20180411 20180423 20180517     2.09    2.11    
20180411 20180505 20180517     2.75    6.10    
20180423 20180505 20180517     0.56    0.56    
20180423 20180505 20180529     2.91    2.95    
20180423 20180517 20180529     5.58    7.66    
20180505 20180517 20180529     5.22    6.99    
20180517 20180529 20180622     4.99    5.53    
20180529 20180622 20180704     2.42    2.43    
20180622 20180704 20180728     2.56    2.61    
20180622 20180704 20180809     2.48    2.51    
20180622 20180728 20180809     0.84    0.84    
20180704 20180728 20180809     0.96    0.96    
20180704 20180728 20180821     2.69    2.68    
20180704 20180809 20180821     2.64    2.65    
20180728 20180809 20180821     0.97    0.97    
20180728 20180809 20180902     1.06    1.07    
20180728 20180821 20180902     0.82    0.82    
20180809 20180821 20180902     0.97    0.97    
20180809 20180821 20180914     0.75    0.75    
20180809 20180902 20180914     0.88    0.88    
20180821 20180902 20180914     0.86    0.86    
20180821 20180902 20180926     1.03    1.02    
20180821 20180914 20180926     0.62    0.62    
20180902 20180914 20180926     1.02    1.02    
20180902 20180914 20181008     1.51    1.51    
20180902 20180926 20181008     1.31    1.31    
20180914 20180926 20181008     0.84    0.85    
20180914 20180926 20181101     0.61    0.61    
20180914 20181008 20181101     0.86    0.87    
20180926 20181008 20181101     0.68    0.69    
20180926 20181008 20181113     0.83    0.83    
20180926 20181101 20181113     0.81    0.81    
20181008 20181101 20181113     0.67    0.67    
20181008 20181101 20181207     0.84    0.89    
20181008 20181113 20181207     0.83    0.87    
20181101 20181113 20181207     0.47    0.47    
20181101 20181113 20181219     0.58    0.58    
20181101 20181207 20181219     0.51    0.51    
20181113 20181207 20181219     0.48    0.49    
20181113 20181207 20181225     0.52    0.52    
20181113 20181219 20181225     0.53    0.54    
20181207 20181219 20181225     0.23    0.23    
20181207 20181219 20181231     0.25    0.26    
20181207 20181225 20181231     0.24    0.24    
20181219 20181225 20181231     0.18    0.18    
20181219 20181225 20190106     0.24    0.24    
20181219 20181231 20190106     0.23    0.23    
20181225 20181231 20190106     0.22    0.23    
20181225 20181231 20190112     0.21    0.22    
20181225 20190106 20190112     0.23    0.24    
20181231 20190106 20190112     0.22    0.22    
20181231 20190106 20190118     0.26    0.30    
20181231 20190112 20190118     0.24    0.27    
20190106 20190112 20190118     0.25    0.26    
20190106 20190112 20190124     0.24    0.24    
20190106 20190112 20200101     0.95    0.97    
20190106 20190112 20200107     0.97    1.04    
20190106 20190112 20200113     0.77    0.77    
20190106 20190112 20200119     0.89    0.89    
20190106 20190112 20200125     1.14    6.14    
20190106 20190112 20200131     0.98    0.98    
20190106 20190118 20190124     0.20    0.22    
20190106 20190118 20200101     1.11    6.40    
20190106 20190118 20200107     0.82    0.82    
20190106 20190118 20200113     0.88    0.91    
20190106 20190118 20200119     0.92    0.95    
20190106 20190118 20200125     1.05    6.37    
20190106 20190118 20200131     0.81    0.84    
20190106 20190124 20200101     0.87    0.87    
20190106 20190124 20200107     0.82    0.82    
20190106 20190124 20200113     0.69    0.69    
20190106 20190124 20200119     1.01    1.01    
20190106 20190124 20200125     0.93    6.24    
20190106 20190124 20200131     0.70    0.71    
20190106 20200101 20200107     0.79    0.92    
20190106 20200101 20200113     0.71    0.77    
20190106 20200101 20200119     0.82    0.86    
20190106 20200107 20200113     0.80    0.82    
20190106 20200107 20200119     0.95    0.99    
20190106 20200107 20200125     1.01    6.49    
20190106 20200113 20200119     0.90    0.90    
20190106 20200113 20200125     0.90    6.32    
20190106 20200113 20200131     0.69    0.74    
20190106 20200119 20200125     1.21    6.29    
20190106 20200119 20200131     0.84    0.86    
20190106 20200125 20200131     0.87    6.04    
20190112 20190118 20190124     0.24    0.26    
20190112 20190118 20190130     0.30    0.30    
20190112 20190118 20200101     1.19    6.56    
20190112 20190118 20200107     0.95    0.98    
20190112 20190118 20200113     0.84    0.85    
20190112 20190118 20200119     0.94    0.95    
20190112 20190118 20200125     0.98    1.00    
20190112 20190118 20200131     1.25    1.26    
20190112 20190124 20190130     0.28    0.28    
20190112 20190124 20200101     1.23    1.24    
20190112 20190124 20200107     0.91    0.95    
20190112 20190124 20200113     0.69    0.70    
20190112 20190124 20200119     0.86    0.88    
20190112 20190124 20200125     0.94    0.95    
20190112 20190124 20200131     1.05    1.06    
20190112 20190130 20200101     0.94    0.99    
20190112 20190130 20200107     1.02    1.05    
20190112 20190130 20200113     0.79    0.89    
20190112 20190130 20200119     0.84    0.84    
20190112 20190130 20200125     1.00    1.02    
20190112 20190130 20200131     1.11    1.11    
20190112 20200101 20200107     1.09    1.13    
20190112 20200101 20200113     1.00    1.16    
20190112 20200101 20200119     0.97    1.09    
20190112 20200107 20200113     0.82    0.86    
20190112 20200107 20200119     0.91    0.92    
20190112 20200107 20200125     1.04    1.04    
20190112 20200113 20200119     0.78    0.79    
20190112 20200113 20200125     0.91    0.95    
20190112 20200113 20200131     0.96    1.04    
20190112 20200119 20200125     0.99    1.01    
20190112 20200119 20200131     1.05    1.09    
20190112 20200125 20200131     0.97    0.98    
20190118 20190124 20190130     0.29    0.29    
20190118 20190124 20190205     0.21    0.25    
20190118 20190124 20200101     1.30    6.50    
20190118 20190124 20200107     0.73    0.74    
20190118 20190124 20200113     0.79    0.83    
20190118 20190124 20200119     0.96    1.02    
20190118 20190124 20200125     0.72    0.75    
20190118 20190124 20200131     0.88    0.90    
20190118 20190130 20190205     0.27    0.29    
20190118 20190130 20200101     1.24    6.27    
20190118 20190130 20200107     0.89    0.89    
20190118 20190130 20200113     0.99    1.11    
20190118 20190130 20200119     1.09    1.10    
20190118 20190130 20200125     0.98    0.97    
20190118 20190130 20200131     0.94    0.95    
20190118 20200101 20200107     1.15    6.00    
20190118 20200101 20200113     1.23    5.89    
20190118 20200101 20200119     1.13    5.92    
20190118 20200107 20200113     0.90    0.90    
20190118 20200107 20200119     0.98    0.97    
20190118 20200107 20200125     0.81    0.81    
20190118 20200113 20200119     0.88    0.88    
20190118 20200113 20200125     0.90    0.92    
20190118 20200113 20200131     1.03    1.06    
20190118 20200119 20200125     1.05    1.05    
20190118 20200119 20200131     1.18    1.19    
20190118 20200125 20200131     1.03    1.03    
20190124 20190130 20190205     0.23    0.24    
20190124 20190130 20190211     0.44    0.44    
20190124 20190130 20200101     1.09    1.10    
20190124 20190130 20200107     0.93    0.93    
20190124 20190130 20200113     0.76    0.81    
20190124 20190130 20200119     0.98    1.00    
20190124 20190130 20200125     0.93    0.94    
20190124 20190130 20200131     0.83    0.83    
20190124 20190205 20190211     0.41    0.43    
20190124 20200101 20200107     1.01    1.08    
20190124 20200101 20200113     0.88    0.95    
20190124 20200101 20200119     1.07    1.08    
20190124 20200107 20200113     0.67    0.67    
20190124 20200107 20200119     0.90    0.93    
20190124 20200107 20200125     0.66    0.68    
20190124 20200113 20200119     0.82    0.84    
20190124 20200113 20200125     0.58    0.59    
20190124 20200113 20200131     0.69    0.72    
20190124 20200119 20200125     0.90    0.90    
20190124 20200119 20200131     0.98    0.98    
20190124 20200125 20200131     0.74    0.74    
20190130 20190205 20190211     0.38    0.40    
20190130 20190205 20190217     0.16    0.17    
20190130 20190211 20190217     0.39    0.39    
20190130 20200101 20200107     0.94    0.98    
20190130 20200101 20200113     0.78    0.79    
20190130 20200101 20200119     0.81    0.83    
20190130 20200107 20200113     0.90    0.99    
20190130 20200107 20200119     0.91    0.93    
20190130 20200107 20200125     1.02    1.02    
20190130 20200113 20200119     0.78    0.82    
20190130 20200113 20200125     0.91    0.95    
20190130 20200113 20200131     0.83    0.84    
20190130 20200119 20200125     1.01    1.01    
20190130 20200119 20200131     0.87    0.87    
20190130 20200125 20200131     1.04    1.04    
20190205 20190211 20190217     0.35    0.36    
20190205 20190211 20190223     0.36    0.36    
20190205 20190211 20200206     0.66    0.73    
20190205 20190211 20200212     1.16    1.25    
20190205 20190211 20200218     1.02    1.03    
20190205 20190211 20200224     0.79    1.12    
20190205 20190217 20190223     0.14    0.15    
20190205 20190217 20200206     0.67    0.67    
20190205 20190217 20200212     0.83    0.84    
20190205 20190217 20200218     1.13    1.13    
20190205 20190217 20200224     0.74    0.75    
20190205 20190223 20200206     0.66    0.71    
20190205 20190223 20200212     0.88    0.88    
20190205 20190223 20200218     1.10    1.10    
20190205 20190223 20200224     0.80    0.84    
20190205 20200206 20200212     0.86    0.87    
20190205 20200206 20200218     0.99    0.99    
20190205 20200206 20200224     0.71    0.71    
20190205 20200212 20200218     1.09    1.10    
20190205 20200212 20200224     1.03    1.05    
20190205 20200218 20200224     1.10    1.09    
20190211 20190217 20190223     0.39    0.39    
20190211 20190217 20190301     0.47    0.46    
20190211 20190217 20200206     0.74    0.77    
20190211 20190217 20200212     1.12    1.20    
20190211 20190217 20200218     1.24    1.26    
20190211 20190217 20200224     0.83    1.13    
20190211 20190223 20190301     0.43    0.43    
20190211 20190223 20200206     0.69    0.89    
20190211 20190223 20200212     0.97    1.08    
20190211 20190223 20200218     0.86    0.86    
20190211 20190223 20200224     0.74    0.91    
20190211 20200206 20200212     0.98    1.35    
20190211 20200206 20200218     0.72    0.83    
20190211 20200206 20200224     0.69    1.26    
20190211 20200212 20200218     1.04    1.14    
20190211 20200212 20200224     0.82    0.83    
20190211 20200218 20200224     0.76    0.99    
20190217 20190223 20190301     0.22    0.22    
20190217 20190223 20190307     0.53    0.53    
20190217 20190223 20200206     0.75    0.78    
20190217 20190223 20200212     0.87    0.88    
20190217 20190223 20200218     1.36    1.35    
20190217 20190223 20200224     0.84    0.85    
20190217 20190301 20190307     0.60    0.62    
20190217 20200206 20200212     0.86    0.91    
20190217 20200206 20200218     1.27    1.26    
20190217 20200206 20200224     0.89    0.90    
20190217 20200212 20200218     1.24    1.27    
20190217 20200212 20200224     1.01    1.03    
20190217 20200218 20200224     1.40    1.39    
20190223 20190301 20190307     0.53    0.53    
20190223 20190301 20190313     0.17    0.18    
20190223 20190307 20190313     0.48    0.48    
20190223 20200206 20200212     0.73    0.74    
20190223 20200206 20200218     0.93    0.97    
20190223 20200206 20200224     0.71    0.71    
20190223 20200212 20200218     0.96    0.97    
20190223 20200212 20200224     0.68    0.68    
20190223 20200218 20200224     0.93    0.95    
20190301 20190307 20190313     0.53    0.53    
20190301 20190307 20190319     0.69    0.69    
20190301 20190313 20190319     0.21    0.21    
20190307 20190313 20190319     0.73    0.73    
20190307 20190313 20190325     0.59    0.58    
20190307 20190319 20190325     0.69    0.69    
20190313 20190319 20190325     0.22    0.22    
20190313 20190319 20190331     0.21    0.21    
20190313 20190325 20190331     0.21    0.21    
20190319 20190325 20190331     0.12    0.12    
20190319 20190325 20190406     0.18    0.18    
20190319 20190331 20190406     0.20    0.20    
20190325 20190331 20190406     0.17    0.17    
20190325 20190331 20190412     0.19    0.19    
20190325 20190406 20190412     0.17    0.16    
20190331 20190406 20190412     0.17    0.17    
20190331 20190406 20190424     0.33    0.33    
20190331 20190412 20190424     0.34    0.36    
20190406 20190412 20190424     0.29    0.29    
20190406 20190412 20190430     0.21    0.24    
20190406 20190424 20190430     0.34    0.39    
20190412 20190424 20190430     0.30    0.33    
20190412 20190424 20190506     0.42    0.42    
20190412 20190430 20190506     0.33    0.36    
20190424 20190430 20190506     0.35    0.41    
20190424 20190430 20190512     0.37    0.38    
20190424 20190506 20190512     0.37    0.38    
20190430 20190506 20190512     0.32    0.32    
20190430 20190506 20190518     0.80    0.82    
20190430 20190512 20190518     0.76    0.80    
20190506 20190512 20190518     0.73    0.73    
20190506 20190512 20190524     0.48    0.48    
20190506 20190518 20190524     0.94    0.94    
20190512 20190518 20190524     0.86    0.85    
20190512 20190518 20190530     1.15    1.15    
20190512 20190524 20190530     3.74    3.80    
20190518 20190524 20190530     3.90    3.97    
20190518 20190524 20190605     0.96    0.96    
20190518 20190530 20190605     3.51    3.57    
20190524 20190530 20190605     1.43    1.44    
20190524 20190530 20190611     1.06    1.06    
20190524 20190605 20190611     0.96    0.96    
20190530 20190605 20190611     1.35    1.36    
20190530 20190605 20190617     2.72    2.75    
20190530 20190611 20190617     1.34    1.34    
20190605 20190611 20190617     2.39    2.39    
20190605 20190611 20190623     0.94    0.94    
20190605 20190617 20190623     2.39    2.38    
20190611 20190617 20190623     0.95    0.95    
20190611 20190617 20190629     3.55    3.90    
20190611 20190623 20190629     3.61    5.16    
20190617 20190623 20190629     4.61    4.80    
20190617 20190623 20190705     4.77    4.89    
20190617 20190629 20190705     3.21    3.22    
20190623 20190629 20190705     3.18    3.25    
20190623 20190629 20190711     2.82    2.81    
20190623 20190705 20190711     3.70    4.06    
20190629 20190705 20190711     3.35    3.67    
20190629 20190705 20190717     3.47    7.66    
20190629 20190711 20190717     3.07    6.99    
20190705 20190711 20190717     3.43    3.64    
20190705 20190711 20190723     2.52    2.70    
20190705 20190717 20190723     3.70    3.89    
20190711 20190717 20190723     2.37    2.39    
20190711 20190717 20190729     1.24    1.25    
20190711 20190723 20190729     2.62    2.61    
20190717 20190723 20190729     2.61    2.67    
20190717 20190723 20190804     4.00    5.53    
20190717 20190729 20190804     3.19    3.27    
20190723 20190729 20190804     3.14    7.06    
20190723 20190729 20190810     3.83    5.36    
20190723 20190804 20190810     3.90    4.25    
20190729 20190804 20190810     3.60    3.58    
20190729 20190804 20190816     3.74    4.78    
20190729 20190810 20190816     3.63    4.56    
20190804 20190810 20190816     1.47    1.49    
20190804 20190810 20190822     0.90    0.91    
20190804 20190816 20190822     1.17    1.18    
20190810 20190816 20190822     1.15    1.16    
20190810 20190816 20190828     1.71    1.72    
20190810 20190822 20190828     1.98    1.98    
20190816 20190822 20190828     2.30    2.33    
20190816 20190822 20190903     1.02    1.03    
20190816 20190828 20190903     1.20    1.20    
20190822 20190828 20190903     1.88    1.89    
20190822 20190828 20190909     1.63    1.63    
20190822 20190903 20190909     1.44    1.43    
20190828 20190903 20190909     1.08    1.12    
20190828 20190903 20190915     1.16    1.18    
20190828 20190909 20190915     0.89    0.89    
20190903 20190909 20190915     1.39    1.39    
20190903 20190909 20190921     1.05    1.05    
20190903 20190915 20190921     1.26    1.27    
20190909 20190915 20190921     1.25    1.25    
20190909 20190915 20190927     1.72    1.71    
20190909 20190921 20190927     1.64    1.62    
20190915 20190921 20190927     1.20    1.20    
20190915 20190921 20191003     1.33    1.32    
20190915 20190927 20191003     1.20    1.19    
20190921 20190927 20191003     0.74    0.74    
20190921 20190927 20191009     0.53    0.53    
20190921 20191003 20191009     0.73    0.73    
20190927 20191003 20191009     0.63    0.63    
20190927 20191003 20191015     0.74    0.74    
20190927 20191009 20191015     0.47    0.47    
20191003 20191009 20191015     0.75    0.75    
20191003 20191009 20191021     0.84    0.84    
20191003 20191015 20191021     0.84    0.84    
20191009 20191015 20191021     0.47    0.47    
20191009 20191015 20191027     0.73    0.73    
20191009 20191021 20191027     0.77    0.77    
20191015 20191021 20191027     0.67    0.67    
20191015 20191021 20191108     0.53    0.53    
20191015 20191027 20191108     0.64    0.64    
20191021 20191027 20191108     0.57    0.57    
20191021 20191027 20191114     0.59    0.59    
20191021 20191108 20191114     0.51    0.51    
20191027 20191108 20191114     0.56    0.56    
20191027 20191108 20191120     0.66    0.67    
20191027 20191114 20191120     0.64    0.65    
20191108 20191114 20191120     0.31    0.31    
20191108 20191114 20191126     0.45    0.48    
20191108 20191120 20191126     0.46    0.49    
20191114 20191120 20191126     0.41    0.41    
20191114 20191120 20191202     0.30    0.29    
20191114 20191126 20191202     0.42    0.44    
20191120 20191126 20191202     0.40    0.42    
20191120 20191126 20191208     0.41    0.42    
20191120 20191202 20191208     0.31    0.34    
20191126 20191202 20191208     0.38    0.39    
20191126 20191202 20191214     0.38    0.39    
20191126 20191208 20191214     0.38    0.39    
20191202 20191208 20191214     0.25    0.27    
20191202 20191208 20191220     0.55    0.55    
20191202 20191214 20191220     0.39    0.39    
20191208 20191214 20191220     0.53    0.53    
20191208 20191214 20191226     0.25    0.25    
20191208 20191220 20191226     0.53    0.53    
20191214 20191220 20191226     0.38    0.38    
20191214 20191220 20200101     0.32    0.32    
20191214 20191226 20200101     0.30    0.32    
20191220 20191226 20200101     0.39    0.40    
20191220 20191226 20200107     0.40    0.40    
20191220 20200101 20200107     0.41    0.41    
20191226 20200101 20200107     0.26    0.27    
20191226 20200101 20200113     0.29    0.30    
20191226 20200107 20200113     0.16    0.16    
20200101 20200107 20200113     0.21    0.21    
20200101 20200107 20200119     0.20    0.21    
20200101 20200107 20210101     0.71    0.73    
20200101 20200107 20210107     0.77    0.86    
20200101 20200107 20210113     1.04    1.07    
20200101 20200107 20210119     0.81    0.87    
20200101 20200107 20210125     0.77    0.78    
20200101 20200107 20210131     1.05    1.39    
20200101 20200113 20200119     0.17    0.18    
20200101 20200113 20210101     0.68    0.77    
20200101 20200113 20210107     0.80    0.96    
20200101 20200113 20210113     0.97    1.01    
20200101 20200113 20210119     0.83    0.83    
20200101 20200113 20210125     0.84    0.85    
20200101 20200113 20210131     0.83    1.27    
20200101 20200119 20210101     0.73    0.76    
20200101 20200119 20210107     0.78    0.83    
20200101 20200119 20210113     1.08    1.08    
20200101 20200119 20210119     0.73    0.74    
20200101 20200119 20210125     0.87    0.87    
20200101 20200119 20210131     0.79    1.00    
20200101 20210101 20210107     0.73    0.73    
20200101 20210101 20210113     1.03    1.02    
20200101 20210101 20210119     0.66    0.67    
20200101 20210107 20210113     1.01    1.00    
20200101 20210107 20210119     0.78    0.80    
20200101 20210107 20210125     0.85    0.86    
20200101 20210113 20210119     1.05    1.05    
20200101 20210113 20210125     1.06    1.05    
20200101 20210113 20210131     0.99    1.04    
20200101 20210119 20210125     0.82    0.82    
20200101 20210119 20210131     0.94    0.99    
20200101 20210125 20210131     0.91    0.98    
20200107 20200113 20200119     0.15    0.15    
20200107 20200113 20200125     0.16    0.16    
20200107 20200113 20210101     0.65    0.68    
20200107 20200113 20210107     0.72    0.73    
20200107 20200113 20210113     0.51    0.51    
20200107 20200113 20210119     0.92    0.95    
20200107 20200113 20210125     0.69    0.69    
20200107 20200113 20210131     0.91    0.91    
20200107 20200119 20200125     0.21    0.22    
20200107 20200119 20210101     0.69    0.69    
20200107 20200119 20210107     0.72    0.73    
20200107 20200119 20210113     0.77    0.80    
20200107 20200119 20210119     0.80    0.85    
20200107 20200119 20210125     0.75    0.77    
20200107 20200119 20210131     0.89    0.96    
20200107 20200125 20210101     0.66    0.66    
20200107 20200125 20210107     0.67    0.74    
20200107 20200125 20210113     0.80    0.80    
20200107 20200125 20210119     0.81    0.86    
20200107 20200125 20210125     0.57    0.59    
20200107 20200125 20210131     1.08    1.28    
20200107 20210101 20210107     0.67    0.70    
20200107 20210101 20210113     0.62    0.63    
20200107 20210101 20210119     0.79    0.83    
20200107 20210107 20210113     0.60    0.61    
20200107 20210107 20210119     0.69    0.69    
20200107 20210107 20210125     0.62    0.64    
20200107 20210113 20210119     0.77    0.78    
20200107 20210113 20210125     0.56    0.57    
20200107 20210113 20210131     1.02    1.08    
20200107 20210119 20210125     0.80    0.85    
20200107 20210119 20210131     1.01    1.05    
20200107 20210125 20210131     1.01    1.09    
20200113 20200119 20200125     0.21    0.21    
20200113 20200119 20200131     0.12    0.12    
20200113 20200119 20210101     0.69    0.72    
20200113 20200119 20210107     0.79    0.85    
20200113 20200119 20210113     0.73    0.76    
20200113 20200119 20210119     0.73    0.73    
20200113 20200119 20210125     0.76    0.78    
20200113 20200119 20210131     0.59    0.72    
20200113 20200125 20200131     0.16    0.16    
20200113 20200125 20210101     0.62    0.68    
20200113 20200125 20210107     0.71    0.85    
20200113 20200125 20210113     0.73    0.74    
20200113 20200125 20210119     0.74    0.74    
20200113 20200125 20210125     0.71    0.73    
20200113 20200125 20210131     0.83    1.13    
20200113 20200131 20210101     0.65    0.67    
20200113 20200131 20210107     0.74    0.86    
20200113 20200131 20210113     0.74    0.77    
20200113 20200131 20210119     0.79    0.79    
20200113 20200131 20210125     0.71    0.78    
20200113 20200131 20210131     0.91    0.99    
20200113 20210101 20210107     0.75    0.76    
20200113 20210101 20210113     0.59    0.59    
20200113 20210101 20210119     0.77    0.79    
20200113 20210107 20210113     0.65    0.68    
20200113 20210107 20210119     0.91    0.96    
20200113 20210107 20210125     0.82    0.87    
20200113 20210113 20210119     0.73    0.75    
20200113 20210113 20210125     0.66    0.67    
20200113 20210113 20210131     0.64    0.73    
20200113 20210119 20210125     0.86    0.86    
20200113 20210119 20210131     0.74    0.91    
20200113 20210125 20210131     0.75    0.89    
20200119 20200125 20200131     0.18    0.18    
20200119 20200125 20200206     0.19    0.19    
20200119 20200125 20210101     0.70    0.70    
20200119 20200125 20210107     0.75    0.77    
20200119 20200125 20210113     0.97    0.97    
20200119 20200125 20210119     0.65    0.65    
20200119 20200125 20210125     0.75    0.75    
20200119 20200125 20210131     0.91    0.98    
20200119 20200131 20200206     0.19    0.20    
20200119 20200131 20210101     0.65    0.66    
20200119 20200131 20210107     0.72    0.73    
20200119 20200131 20210113     0.99    0.99    
20200119 20200131 20210119     0.65    0.65    
20200119 20200131 20210125     0.72    0.73    
20200119 20200131 20210131     0.94    0.94    
20200119 20210101 20210107     0.64    0.65    
20200119 20210101 20210113     0.82    0.82    
20200119 20210101 20210119     0.60    0.60    
20200119 20210107 20210113     0.86    0.87    
20200119 20210107 20210119     0.67    0.67    
20200119 20210107 20210125     0.77    0.78    
20200119 20210113 20210119     0.82    0.82    
20200119 20210113 20210125     0.88    0.88    
20200119 20210113 20210131     0.74    0.76    
20200119 20210119 20210125     0.78    0.79    
20200119 20210119 20210131     0.63    0.65    
20200119 20210125 20210131     0.76    0.79    
20200125 20200131 20200206     0.16    0.16    
20200125 20200131 20200212     0.21    0.21    
20200125 20200131 20210101     0.62    0.63    
20200125 20200131 20210107     0.65    0.65    
20200125 20200131 20210113     0.71    0.72    
20200125 20200131 20210119     0.66    0.66    
20200125 20200131 20210125     0.53    0.55    
20200125 20200131 20210131     1.11    1.17    
20200125 20200206 20200212     0.20    0.20    
20200125 20210101 20210107     0.66    0.66    
20200125 20210101 20210113     0.84    0.85    
20200125 20210101 20210119     0.63    0.63    
20200125 20210107 20210113     0.81    0.82    
20200125 20210107 20210119     0.64    0.65    
20200125 20210107 20210125     0.62    0.62    
20200125 20210113 20210119     0.82    0.83    
20200125 20210113 20210125     0.80    0.82    
20200125 20210113 20210131     1.05    1.08    
20200125 20210119 20210125     0.61    0.62    
20200125 20210119 20210131     1.00    1.00    
20200125 20210125 20210131     0.98    0.98    
20200131 20200206 20200212     0.18    0.18    
20200131 20200206 20200218     0.18    0.19    
20200131 20200212 20200218     0.25    0.25    
20200131 20210101 20210107     0.62    0.63    
20200131 20210101 20210113     0.80    0.81    
20200131 20210101 20210119     0.65    0.66    
20200131 20210107 20210113     0.80    0.80    
20200131 20210107 20210119     0.63    0.63    
20200131 20210107 20210125     0.60    0.62    
20200131 20210113 20210119     0.83    0.83    
20200131 20210113 20210125     0.77    0.79    
20200131 20210113 20210131     1.19    1.19    
20200131 20210119 20210125     0.64    0.69    
20200131 20210119 20210131     1.08    1.10    
20200131 20210125 20210131     1.10    1.17    
20200206 20200212 20200218     0.25    0.25    
20200206 20200212 20200224     0.17    0.17    
20200206 20200212 20210206     0.84    0.92    
20200206 20200212 20210212     0.79    0.81    
20200206 20200212 20210218     0.79    0.81    
20200206 20200212 20210224     1.17    5.96    
20200206 20200218 20200224     0.22    0.22    
20200206 20200218 20210206     0.84    0.84    
20200206 20200218 20210212     0.99    0.99    
20200206 20200218 20210218     1.12    1.12    
20200206 20200218 20210224     0.88    0.88    
20200206 20200224 20210206     0.94    0.96    
20200206 20200224 20210212     0.77    0.77    
20200206 20200224 20210218     0.76    0.77    
20200206 20200224 20210224     0.90    0.98    
20200206 20210206 20210212     0.91    0.96    
20200206 20210206 20210218     0.90    0.91    
20200206 20210206 20210224     0.88    0.92    
20200206 20210212 20210218     0.85    0.86    
20200206 20210212 20210224     1.02    1.01    
20200206 20210218 20210224     0.92    0.93    
20200212 20200218 20200224     0.28    0.28    
20200212 20200218 20200301     0.26    0.27    
20200212 20200218 20210206     0.76    0.85    
20200212 20200218 20210212     1.04    1.04    
20200212 20200218 20210218     1.16    1.17    
20200212 20200218 20210224     1.20    5.94    
20200212 20200224 20200301     0.18    0.19    
20200212 20200224 20210206     0.85    0.86    
20200212 20200224 20210212     0.65    0.66    
20200212 20200224 20210218     0.58    0.58    
20200212 20200224 20210224     1.17    6.34    
20200212 20210206 20210212     0.66    0.68    
20200212 20210206 20210218     0.69    0.69    
20200212 20210206 20210224     1.27    6.08    
20200212 20210212 20210218     0.64    0.65    
20200212 20210212 20210224     1.24    6.17    
20200212 20210218 20210224     1.23    5.99    
20200218 20200224 20200301     0.19    0.20    
20200218 20200224 20200307     0.25    0.25    
20200218 20200224 20210206     0.85    0.89    
20200218 20200224 20210212     1.05    1.05    
20200218 20200224 20210218     1.14    1.14    
20200218 20200224 20210224     0.89    1.00    
20200218 20200301 20200307     0.25    0.25    
20200218 20210206 20210212     0.92    1.02    
20200218 20210206 20210218     1.12    1.13    
20200218 20210206 20210224     0.88    0.91    
20200218 20210212 20210218     1.23    1.25    
20200218 20210212 20210224     1.15    1.16    
20200218 20210218 20210224     1.25    1.24    
20200224 20200301 20200307     0.18    0.18    
20200224 20200301 20200313     0.19    0.19    
20200224 20200307 20200313     0.19    0.21    
20200224 20210206 20210212     0.87    0.89    
20200224 20210206 20210218     0.82    0.82    
20200224 20210206 20210224     1.02    1.10    
20200224 20210212 20210218     0.60    0.60    
20200224 20210212 20210224     0.88    0.93    
20200224 20210218 20210224     0.82    0.93    
20200301 20200307 20200313     0.21    0.23    
20200301 20200307 20200319     0.22    0.22    
20200301 20200313 20200319     0.21    0.21    
20200307 20200313 20200319     0.26    0.26    
20200307 20200313 20200325     0.32    0.44    
20200307 20200319 20200325     0.35    0.35    
20200313 20200319 20200325     0.30    0.36    
20200313 20200319 20200331     0.21    0.22    
20200313 20200325 20200331     0.27    0.36    
20200319 20200325 20200331     0.29    0.30    
20200319 20200325 20200406     0.31    0.31    
20200319 20200331 20200406     0.23    0.23    
20200325 20200331 20200406     0.32    0.34    
20200325 20200331 20200412     0.23    0.24    
20200325 20200406 20200412     0.33    0.34    
20200331 20200406 20200412     0.23    0.23    
20200331 20200406 20200418     0.31    0.31    
20200331 20200412 20200418     0.15    0.17    
20200406 20200412 20200418     0.31    0.31    
20200406 20200412 20200424     0.70    0.70    
20200406 20200418 20200424     0.78    0.80    
20200412 20200418 20200424     0.51    0.53    
20200412 20200418 20200430     0.35    0.36    
20200412 20200424 20200430     0.51    0.52    
20200418 20200424 20200430     0.59    0.58    
20200418 20200424 20200506     0.81    0.81    
20200418 20200430 20200506     0.40    0.43    
20200424 20200430 20200506     0.70    0.71    
20200424 20200430 20200512     0.74    0.75    
20200424 20200506 20200512     0.90    0.90    
20200430 20200506 20200512     0.39    0.41    
20200430 20200506 20200518     0.24    0.27    
20200430 20200512 20200518     0.51    0.51    
20200506 20200512 20200518     0.48    0.47    
20200506 20200512 20200524     0.67    0.67    
20200506 20200518 20200524     0.45    0.45    
20200512 20200518 20200524     0.61    0.61    
20200512 20200518 20200530     0.49    0.49    
20200512 20200524 20200530     0.62    0.62    
20200518 20200524 20200530     0.38    0.38    
20200518 20200524 20200605     0.47    0.47    
20200518 20200530 20200605     0.26    0.28    
20200524 20200530 20200605     0.48    0.51    
20200524 20200530 20200611     0.60    0.60    
20200524 20200605 20200611     0.63    0.63    
20200530 20200605 20200611     0.53    0.54    
20200530 20200605 20200617     1.34    1.33    
20200530 20200611 20200617     1.32    1.32    
20200605 20200611 20200617     1.36    1.36    
20200605 20200611 20200623     3.17    5.70    
20200605 20200617 20200623     3.47    5.69    
20200611 20200617 20200623     1.20    1.20    
20200611 20200617 20200705     2.29    2.39    
20200611 20200623 20200705     1.96    2.02    
20200617 20200623 20200705     1.45    1.45    
20200617 20200623 20200711     2.07    2.09    
20200617 20200705 20200711     2.30    2.46    
20200623 20200705 20200711     1.50    1.57    
20200623 20200705 20200717     3.61    3.61    
20200623 20200711 20200717     1.21    1.24    
20200705 20200711 20200717     3.87    4.13    
20200705 20200711 20200723     1.69    1.78    
20200705 20200717 20200723     2.06    2.08    
20200711 20200717 20200723     1.80    1.80    
20200711 20200717 20200729     2.66    2.61    
20200711 20200723 20200729     1.16    1.19    
20200717 20200723 20200729     2.69    2.68    
20200717 20200723 20200804     1.68    1.68    
20200717 20200729 20200804     2.05    2.05    
20200723 20200729 20200804     1.02    1.02    
20200723 20200729 20200810     1.16    1.16    
20200723 20200804 20200810     1.26    1.28    
20200729 20200804 20200810     2.22    2.26    
20200729 20200804 20200816     1.94    1.92    
20200729 20200810 20200816     2.73    2.80    
20200804 20200810 20200816     1.39    1.39    
20200804 20200810 20200822     1.51    1.51    
20200804 20200816 20200822     1.81    1.81    
20200810 20200816 20200822     1.35    1.36    
20200810 20200816 20200828     1.53    1.53    
20200810 20200822 20200828     1.23    1.23    
20200816 20200822 20200828     1.31    1.33    
20200816 20200822 20200903     3.53    3.57    
20200816 20200828 20200903     3.36    3.49    
20200822 20200828 20200903     0.86    0.86    
20200822 20200828 20200915     0.96    0.96    
20200822 20200903 20200915     0.89    0.89    
20200828 20200903 20200915     0.87    0.88    
20200828 20200903 20200921     0.85    0.85    
20200828 20200915 20200921     0.75    0.75    
20200903 20200915 20200921     0.70    0.71    
20200903 20200915 20200927     0.73    0.73    
20200903 20200921 20200927     0.73    0.73    
20200915 20200921 20200927     0.49    0.50    
20200915 20200921 20201003     2.73    2.76    
20200915 20200927 20201003     2.72    2.73    
20200921 20200927 20201003     0.79    0.79    
20200921 20200927 20201009     0.45    0.46    
20200921 20201003 20201009     0.79    0.79    
20200927 20201003 20201009     0.62    0.62    
20200927 20201003 20201015     0.92    0.94    
20200927 20201009 20201015     0.50    0.50    
20201003 20201009 20201015     0.89    0.89    
20201003 20201009 20201021     2.90    2.90    
20201003 20201015 20201021     2.94    2.95    
20201009 20201015 20201021     0.42    0.42    
20201009 20201015 20201027     1.37    1.36    
20201009 20201021 20201027     0.74    0.75    
20201015 20201021 20201027     1.40    1.40    
20201015 20201021 20201102     0.37    0.37    
20201015 20201027 20201102     1.43    1.43    
20201021 20201027 20201102     0.87    0.87    
20201021 20201027 20201108     0.74    0.74    
20201021 20201102 20201108     0.33    0.33    
20201027 20201102 20201108     1.00    1.00    
20201027 20201102 20201120     1.10    1.10    
20201027 20201108 20201120     0.96    0.97    
20201102 20201108 20201120     0.50    0.50    
20201102 20201108 20201126     0.28    0.28    
20201102 20201120 20201126     0.53    0.56    
20201108 20201120 20201126     0.41    0.42    
20201108 20201120 20201202     0.38    0.38    
20201108 20201126 20201202     0.30    0.30    
20201120 20201126 20201202     0.31    0.32    
20201120 20201126 20201208     0.36    0.41    
20201120 20201202 20201208     0.31    0.34    
20201126 20201202 20201208     0.18    0.18    
20201126 20201202 20201214     0.18    0.19    
20201126 20201208 20201214     0.19    0.20    
20201202 20201208 20201214     0.18    0.22    
20201202 20201208 20201220     0.27    0.29    
20201202 20201214 20201220     0.27    0.27    
20201208 20201214 20201220     0.28    0.29    
20201208 20201214 20201226     0.17    0.25    
20201208 20201220 20201226     0.36    0.38    
20201214 20201220 20201226     0.32    0.32    
20201214 20201220 20210101     0.27    0.27    
20201214 20201226 20210101     0.19    0.21    
20201220 20201226 20210101     0.35    0.35    
20201220 20201226 20210107     0.35    0.37    
20201220 20210101 20210107     0.24    0.25    
20201226 20210101 20210107     0.18    0.18    
20201226 20210101 20210113     0.17    0.18    
20201226 20210107 20210113     0.15    0.18    
20210101 20210107 20210113     0.12    0.13    
20210101 20210107 20210119     0.12    0.12    
20210101 20210107 20220102     0.88    0.88    
20210101 20210107 20220114     0.91    0.97    
20210101 20210107 20220126     0.79    0.80    
20210101 20210113 20210119     0.14    0.14    
20210101 20210113 20220102     1.06    1.07    
20210101 20210113 20220114     0.94    0.93    
20210101 20210113 20220126     0.70    0.73    
20210101 20210119 20220102     0.80    0.81    
20210101 20210119 20220114     0.92    0.91    
20210101 20210119 20220126     0.74    0.76    
20210101 20220102 20220114     0.96    1.02    
20210101 20220102 20220126     0.93    0.93    
20210101 20220114 20220126     1.01    1.09    
20210107 20210113 20210119     0.14    0.14    
20210107 20210113 20210125     0.14    0.15    
20210107 20210113 20220102     0.86    0.88    
20210107 20210113 20220114     0.65    0.73    
20210107 20210113 20220126     0.60    0.69    
20210107 20210119 20210125     0.16    0.17    
20210107 20210119 20220102     0.75    0.75    
20210107 20210119 20220114     0.64    0.70    
20210107 20210119 20220126     0.71    0.76    
20210107 20210125 20220102     1.95    2.03    
20210107 20210125 20220114     0.71    0.80    
20210107 20210125 20220126     0.72    0.80    
20210107 20220102 20220114     0.66    0.66    
20210107 20220102 20220126     0.71    0.72    
20210107 20220114 20220126     0.64    0.67    
20210113 20210119 20210125     0.16    0.17    
20210113 20210119 20210131     0.50    0.50    
20210113 20210119 20220102     0.88    0.90    
20210113 20210119 20220114     0.71    0.71    
20210113 20210119 20220126     0.62    0.62    
20210113 20210125 20210131     0.48    0.48    
20210113 20210125 20220102     2.01    2.05    
20210113 20210125 20220114     0.70    0.70    
20210113 20210125 20220126     0.54    0.55    
20210113 20210131 20220102     1.04    1.09    
20210113 20210131 20220114     0.68    0.68    
20210113 20210131 20220126     0.62    0.62    
20210113 20220102 20220114     0.86    0.88    
20210113 20220102 20220126     0.87    0.87    
20210113 20220114 20220126     0.61    0.63    
20210119 20210125 20210131     0.55    0.56    
20210119 20210125 20210206     0.15    0.16    
20210119 20210125 20220102     1.87    1.99    
20210119 20210125 20220114     0.81    0.82    
20210119 20210125 20220126     0.76    0.78    
20210119 20210131 20210206     0.51    0.52    
20210119 20210131 20220102     1.02    1.10    
20210119 20210131 20220114     0.67    0.67    
20210119 20210131 20220126     0.69    0.69    
20210119 20220102 20220114     0.78    0.86    
20210119 20220102 20220126     0.81    0.83    
20210119 20220114 20220126     0.72    0.76    
20210125 20210131 20210206     0.49    0.49    
20210125 20210131 20210212     0.49    0.49    
20210125 20210131 20220102     1.82    1.80    
20210125 20210131 20220114     0.72    0.71    
20210125 20210131 20220126     0.69    0.69    
20210125 20210206 20210212     0.22    0.23    
20210125 20220102 20220114     2.05    2.01    
20210125 20220102 20220126     2.06    2.05    
20210125 20220114 20220126     0.73    0.76    
20210131 20210206 20210212     0.37    0.37    
20210131 20210206 20210218     0.47    0.47    
20210131 20210212 20210218     0.44    0.46    
20210131 20220102 20220114     1.04    1.03    
20210131 20220102 20220126     1.06    1.06    
20210131 20220114 20220126     0.65    0.68    
20210206 20210212 20210218     0.19    0.20    
20210206 20210212 20210224     0.24    0.25    
20210206 20210212 20220207     0.99    1.00    
20210206 20210212 20220219     0.71    0.71    
20210206 20210218 20210224     0.24    0.25    
20210206 20210218 20220207     0.96    0.95    
20210206 20210218 20220219     0.67    0.69    
20210206 20210224 20220207     1.13    1.17    
20210206 20210224 20220219     0.73    0.76    
20210206 20220207 20220219     1.00    1.03    
20210212 20210218 20210224     0.25    0.25    
20210212 20210218 20210302     0.17    0.17    
20210212 20210218 20220207     1.04    1.04    
20210212 20210218 20220219     0.81    0.83    
20210212 20210224 20210302     0.26    0.26    
20210212 20210224 20220207     1.05    1.09    
20210212 20210224 20220219     0.90    0.93    
20210212 20220207 20220219     1.05    1.07    
20210218 20210224 20210302     0.22    0.23    
20210218 20210224 20210308     0.23    0.24    
20210218 20210224 20220207     0.87    0.96    
20210218 20210224 20220219     0.81    0.82    
20210218 20210302 20210308     0.27    0.27    
20210218 20220207 20220219     0.91    1.02    
20210224 20210302 20210308     0.20    0.20    
20210224 20210302 20210314     0.20    0.20    
20210224 20210308 20210314     0.13    0.15    
20210224 20220207 20220219     0.67    0.68    
20210302 20210308 20210314     0.18    0.18    
20210302 20210308 20210320     0.27    0.29    
20210302 20210314 20210320     0.23    0.27    
20210308 20210314 20210320     0.25    0.25    
20210308 20210314 20210326     0.31    0.32    
20210308 20210320 20210326     0.35    0.35    
20210314 20210320 20210326     0.33    0.33    
20210314 20210320 20210401     0.24    0.24    
20210314 20210326 20210401     0.30    0.30    
20210320 20210326 20210401     0.30    0.30    
20210320 20210326 20210407     0.27    0.27    
20210320 20210401 20210407     0.31    0.34    
20210326 20210401 20210407     0.37    0.45    
20210326 20210401 20210413     0.34    0.36    
20210326 20210407 20210413     0.39    0.40    
20210401 20210407 20210413     0.33    0.33    
20210401 20210407 20210419     0.44    0.43    
20210401 20210413 20210419     0.23    0.23    
20210407 20210413 20210419     0.36    0.37    
20210407 20210413 20210425     0.51    0.53    
20210407 20210419 20210425     0.51    0.51    
20210413 20210419 20210425     0.16    0.16    
20210413 20210419 20210501     0.44    0.44    
20210413 20210425 20210501     0.36    0.36    
20210419 20210425 20210501     0.44    0.44    
20210419 20210425 20210507     0.40    0.41    
20210419 20210501 20210507     0.64    0.64    
20210425 20210501 20210507     0.52    0.52    
20210425 20210501 20210513     0.50    0.50    
20210425 20210507 20210513     0.60    0.63    
20210501 20210507 20210513     0.77    0.80    
20210501 20210507 20210525     0.59    0.59    
20210501 20210513 20210525     0.57    0.57    
20210507 20210513 20210525     0.74    0.76    
20210507 20210513 20210531     0.74    0.75    
20210507 20210525 20210531     0.61    0.61    
20210513 20210525 20210531     0.58    0.59    
20210513 20210525 20210606     0.41    0.43    
20210513 20210531 20210606     0.56    0.56    
20210525 20210531 20210606     0.44    0.44    
20210525 20210531 20210612     0.39    0.40    
20210525 20210606 20210612     0.39    0.39    
20210531 20210606 20210612     0.43    0.43    
20210531 20210606 20210618     0.55    0.57    
20210531 20210612 20210618     0.56    0.56    
20210606 20210612 20210618     0.33    0.35    
20210606 20210612 20210624     0.73    0.73    
20210606 20210618 20210624     0.81    0.81    
20210612 20210618 20210624     0.78    0.78    
20210612 20210618 20210712     2.19    2.17    
20210612 20210624 20210712     1.63    1.63    
20210618 20210624 20210712     2.60    2.58    
20210618 20210624 20210718     2.86    5.59    
20210618 20210712 20210718     2.15    2.18    
20210624 20210712 20210718     2.99    5.47    
20210624 20210712 20210724     1.59    1.66    
20210624 20210718 20210724     2.80    6.18    
20210712 20210718 20210724     1.27    1.33    
20210712 20210718 20210730     1.22    1.22    
20210712 20210724 20210730     1.09    1.09    
20210718 20210724 20210730     1.22    1.26    
20210718 20210724 20210805     1.11    1.19    
20210718 20210730 20210805     1.07    1.08    
20210724 20210730 20210805     0.58    0.58    
20210724 20210730 20210811     0.58    0.58    
20210724 20210805 20210811     0.47    0.47    
20210730 20210805 20210811     0.54    0.54    
20210730 20210805 20210817     0.96    0.96    
20210730 20210811 20210817     1.02    1.03    
20210805 20210811 20210817     1.03    1.03    
20210805 20210811 20210823     4.69    5.13    
20210805 20210817 20210823     4.21    7.86    
20210811 20210817 20210823     5.08    5.68    
20210811 20210817 20210829     3.90    4.18    
20210811 20210823 20210829     2.55    2.57    
20210817 20210823 20210829     3.46    3.58    
20210817 20210823 20210904     3.79    4.33    
20210817 20210829 20210904     1.13    1.13    
20210823 20210829 20210904     2.72    2.77    
20210823 20210829 20210910     4.01    4.30    
20210823 20210904 20210910     4.24    4.32    
20210829 20210904 20210910     1.00    1.01    
20210829 20210904 20210916     1.68    1.69    
20210829 20210910 20210916     1.54    1.55    
20210904 20210910 20210916     0.83    0.83    
20210904 20210910 20210922     0.50    0.50    
20210904 20210916 20210922     0.75    0.75    
20210910 20210916 20210922     0.88    0.88    
20210910 20210916 20210928     0.83    0.83    
20210910 20210922 20210928     0.47    0.48    
20210916 20210922 20210928     0.78    0.78    
20210916 20210922 20211004     0.87    0.88    
20210916 20210928 20211004     0.82    0.82    
20210922 20210928 20211004     0.50    0.51    
20210922 20210928 20211010     0.46    0.46    
20210922 20211004 20211010     0.53    0.53    
20210928 20211004 20211010     0.44    0.44    
20210928 20211004 20211016     0.50    0.50    
20210928 20211010 20211016     0.49    0.49    
20211004 20211010 20211016     0.49    0.49    
20211004 20211010 20211022     0.53    0.53    
20211004 20211016 20211022     0.53    0.53    
20211010 20211016 20211022     0.45    0.45    
20211010 20211016 20211028     0.59    0.59    
20211010 20211022 20211028     0.36    0.37    
20211016 20211022 20211028     0.57    0.57    
20211016 20211022 20211109     0.76    0.77    
20211016 20211028 20211109     0.77    0.78    
20211022 20211028 20211109     0.36    0.38    
20211022 20211028 20211115     0.45    0.45    
20211022 20211109 20211115     0.46    0.45    
20211028 20211109 20211115     0.45    0.45    
20211028 20211109 20211121     0.35    0.37    
20211028 20211115 20211121     0.47    0.48    
20211109 20211115 20211121     0.40    0.42    
20211109 20211115 20211127     0.36    0.38    
20211109 20211121 20211127     0.31    0.31    
20211115 20211121 20211127     0.38    0.39    
20211115 20211121 20211203     0.43    0.43    
20211115 20211127 20211203     0.45    0.44    
20211121 20211127 20211203     0.31    0.31    
20211121 20211127 20211209     0.40    0.40    
20211121 20211203 20211209     0.43    0.46    
20211127 20211203 20211209     0.35    0.35    
20211127 20211203 20211215     0.32    0.32    
20211127 20211209 20211215     0.34    0.34    
20211203 20211209 20211215     0.33    0.33    
20211203 20211209 20211221     0.36    0.36    
20211203 20211215 20211221     0.23    0.24    
20211209 20211215 20211221     0.30    0.30    
20211209 20211215 20220102     0.61    0.61    
20211209 20211221 20220102     0.65    0.65    
20211215 20211221 20220102     0.51    0.51    
20211215 20211221 20220114     0.23    0.23    
20211215 20220102 20220114     0.46    0.46    
20211221 20220102 20220114     0.53    0.54    
20211221 20220102 20220126     0.53    0.54    
20211221 20220114 20220126     0.22    0.23    
20220102 20220114 20220126     0.47    0.47    
20220102 20220114 20220207     0.79    0.80    
20220102 20220114 20230109     0.78    0.82    
20220102 20220114 20230121     0.90    0.98    
20220102 20220126 20220207     0.76    0.77    
20220102 20220126 20230109     0.82    0.84    
20220102 20220126 20230121     0.83    0.87    
20220114 20220126 20220207     0.20    0.20    
20220114 20220126 20220219     0.17    0.17    
20220114 20220126 20230109     0.57    0.57    
20220114 20220126 20230121     0.94    0.96    
20220114 20220207 20220219     0.20    0.20    
20220126 20220207 20220219     0.13    0.13    
20220126 20220207 20220315     0.18    0.18    
20220126 20220219 20220315     0.19    0.20    
20220207 20220219 20220315     0.15    0.16    
20220207 20220219 20220327     0.19    0.20    
20220207 20220219 20230214     0.93    1.00    
20220207 20220219 20230226     0.58    0.62    
20220207 20220315 20220327     0.21    0.21    
20220219 20220315 20220327     0.20    0.20    
20220219 20220315 20220408     0.19    0.20    
20220219 20220327 20220408     0.21    0.23    
20220315 20220327 20220408     0.22    0.22    
20220315 20220327 20220420     0.57    0.57    
20220315 20220408 20220420     0.58    0.61    
20220327 20220408 20220420     0.44    0.48    
20220327 20220408 20220502     1.02    1.06    
20220327 20220420 20220502     1.24    1.24    
20220408 20220420 20220502     1.05    1.07    
20220408 20220420 20220514     0.68    0.68    
20220408 20220502 20220514     0.88    0.90    
20220420 20220502 20220514     1.07    1.07    
20220420 20220502 20220526     3.73    4.46    
20220420 20220514 20220526     3.64    4.68    
20220502 20220514 20220526     0.78    0.78    
20220502 20220514 20220607     1.11    1.11    
20220502 20220526 20220607     1.17    1.17    
20220514 20220526 20220607     0.86    0.86    
20220514 20220526 20220619     0.83    0.83    
20220514 20220607 20220619     0.93    0.96    
20220526 20220607 20220619     1.11    1.13    
20220526 20220607 20220701     5.62    7.01    
20220526 20220619 20220701     3.80    3.83    
20220607 20220619 20220701     4.20    5.25    
20220607 20220619 20220713     4.22 /  7.00    
20220607 20220701 20220713     3.38    3.67    
20220619 20220701 20220713     3.14 /  3.16    
20220619 20220701 20220725     2.79 /  2.80    
20220619 20220713 20220725     3.68 /  8.34    
20220701 20220713 20220725     3.12 /  7.50    
20220701 20220713 20220806     2.95    2.99    
20220701 20220725 20220806     2.60    2.70    
20220713 20220725 20220806     3.35 /  6.09    
20220713 20220725 20220818     2.88 /  3.03    
20220713 20220806 20220818     2.72    4.37    
20220725 20220806 20220818     3.04    3.05    
20220725 20220806 20220830     2.46 /  6.23    
20220725 20220818 20220830     4.25 /  5.62    
20220806 20220818 20220830     3.26 /  3.37    
20220806 20220818 20220911     3.00 /  3.04    
20220806 20220830 20220911     4.23 /  9.85    
20220818 20220830 20220911     3.73 /  6.97    
20220818 20220830 20220923     5.43 /  10.45   
20220818 20220911 20220923     3.36 /  4.50    
20220830 20220911 20220923     0.83 /  0.83    
20220830 20220911 20221005     0.85 /  0.86    
20220830 20220923 20221005     0.81 /  0.81    
20220911 20220923 20221005     0.72    0.73    
20220911 20220923 20221017     1.07    1.07    
20220911 20221005 20221017     0.96    0.96    
20220923 20221005 20221017     0.81    0.82    
20220923 20221005 20221029     1.79    1.83    
20220923 20221017 20221029     1.73    1.72    
20221005 20221017 20221029     0.72    0.73    
20221005 20221017 20221110     0.74    0.76    
20221005 20221029 20221110     0.74    0.75    
20221017 20221029 20221110     0.68    0.68    
20221017 20221029 20221122     0.74    0.75    
20221017 20221110 20221122     0.67    0.69    
20221029 20221110 20221122     0.64    0.65    
20221029 20221110 20221204     0.67    0.70    
20221029 20221122 20221204     0.68    0.70    
20221110 20221122 20221204     0.34    0.34    
20221110 20221122 20221216     0.42    0.45    
20221110 20221204 20221216     0.42    0.44    
20221122 20221204 20221216     0.26    0.27    
20221122 20221204 20221228     0.26    0.28    
20221122 20221216 20221228     0.27    0.28    
20221204 20221216 20221228     0.20    0.20    
20221204 20221216 20230109     0.29    0.29    
20221204 20221228 20230109     0.27    0.27    
20221216 20221228 20230109     0.24    0.25    
20221216 20221228 20230121     0.21    0.21    
