# Size: 111890(334x335), n_valid: 110771
# unw_cov_thre: 0.1, coh_thre: 0.05
# ifg dates         bperp   dt unw_cov  coh_av
20180105_20180117   -55.2   12   0.997   0.298    
20180105_20180129   -65.5   24   0.984   0.257    
20180105_20180210    50.7   36   0.980   0.249    
20180105_20190106   -93.7  366   0.706   0.181    
20180105_20190112    62.5  372   0.754   0.186    
20180105_20190118   -28.5  378   0.715   0.186    
20180105_20190124   -36.2  384   0.715   0.187    
20180105_20190130     2.3  390   0.721   0.186    
20180117_20180129   -10.3   12   1.000   0.417    
20180117_20180210   106.0   24   0.999   0.313    
20180117_20180222    65.7   36   0.998   0.288    
20180117_20190106   -38.5  354   0.808   0.198    
20180117_20190112   117.7  360   0.735   0.182    
20180117_20190118    26.7  366   0.789   0.195    
20180117_20190124    19.0  372   0.822   0.204    
20180117_20190130    57.5  378   0.777   0.193    
20180129_20180210   116.2   12   0.999   0.365    
20180129_20180222    76.0   24   0.999   0.314    
20180129_20180306    88.3   36   0.999   0.320    
20180129_20190106   -28.2  342   0.817   0.201    
20180129_20190112   128.0  348   0.724   0.180    
20180129_20190118    37.0  354   0.787   0.196    
20180129_20190124    29.3  360   0.827   0.204    
20180129_20190130    67.8  366   0.775   0.194    
20180210_20180222   -40.3   12   0.999   0.366    
20180210_20180306   -27.9   24   0.999   0.365    
20180210_20180318   -98.1   36   0.587   0.167    
20180210_20190205   -71.5  360   0.817   0.200    
20180210_20190211   -38.4  366   0.699   0.187    
20180210_20190217   -82.0  372   0.792   0.197    
20180210_20190223   -18.7  378   0.822   0.203    
20180222_20180306    12.4   12   1.000   0.399    
20180222_20180318   -57.8   24   0.675   0.179    
20180222_20180330   -59.5   36   0.999   0.303    
20180222_20190205   -31.2  348   0.773   0.195    
20180222_20190211     1.9  354   0.730   0.193    
20180222_20190217   -41.7  360   0.765   0.196    
20180222_20190223    21.6  366   0.782   0.196    
20180306_20180318   -70.2   12   0.636   0.178    
20180306_20180330   -71.8   24   0.999   0.304    
20180306_20180411    -3.0   36   0.420   0.156    
20180318_20180330    -1.6   12   0.710   0.188    
20180318_20180411    67.2   24   0.529   0.159    
20180318_20180423    50.6   36   0.721   0.185    
20180330_20180411    68.8   12   0.440   0.156    
20180330_20180423    52.3   24   0.951   0.265    
20180330_20180505    54.7   36   0.987   0.263    
20180411_20180423   -16.5   12   0.557   0.163    
20180411_20180505   -14.1   24   0.514   0.160    
20180411_20180517   -61.6   36   0.489   0.159    
20180423_20180505     2.4   12   0.986   0.347    
20180423_20180517   -45.0   24   0.906   0.222    
20180423_20180529   -43.9   36   0.238   0.154    
20180505_20180517   -47.4   12   0.911   0.237    
20180505_20180529   -46.3   24   0.258   0.154    
20180505_20180610    12.0   36   0.099   0.154    *
20180517_20180529     1.1   12   0.316   0.159    
20180517_20180610    59.4   24   0.099   0.154    *
20180517_20180622    44.3   36   0.513   0.160    
20180529_20180610    58.4   12   0.094   0.155    *
20180529_20180622    43.2   24   0.188   0.152    
20180529_20180704   108.5   36   0.183   0.150    
20180610_20180622   -15.2   12   0.108   0.154    
20180610_20180704    50.2   24   0.100   0.153    *
20180610_20180728   -37.1   48   0.097   0.153    *
20180622_20180704    65.4   12   0.661   0.175    
20180622_20180728   -21.9   36   0.794   0.177    
20180622_20180809  -105.3   48   0.690   0.167    
20180704_20180728   -87.3   24   0.624   0.172    
20180704_20180809  -170.6   36   0.625   0.169    
20180704_20180821     1.8   48   0.649   0.171    
20180728_20180809   -83.4   12   0.794   0.192    
20180728_20180821    89.1   24   0.828   0.191    
20180728_20180902    49.6   36   0.750   0.184    
20180809_20180821   172.4   12   0.769   0.195    
20180809_20180902   133.0   24   0.654   0.178    
20180809_20180914   115.9   36   0.690   0.169    
20180821_20180902   -39.5   12   0.792   0.217    
20180821_20180914   -56.6   24   0.856   0.203    
20180821_20180926  -162.6   36   0.785   0.172    
20180902_20180914   -17.1   12   0.798   0.201    
20180902_20180926  -123.2   24   0.719   0.177    
20180902_20181008   -23.3   36   0.591   0.164    
20180914_20180926  -106.0   12   0.849   0.193    
20180914_20181008    -6.2   24   0.696   0.176    
20180914_20181101    78.9   48   0.916   0.193    
20180926_20181008    99.8   12   0.744   0.195    
20180926_20181101   184.9   36   0.837   0.183    
20180926_20181113   152.3   48   0.681   0.171    
20181008_20181101    85.1   24   0.739   0.181    
20181008_20181113    52.5   36   0.732   0.179    
20181008_20181207   -33.6   60   0.603   0.167    
20181101_20181113   -32.6   12   0.971   0.275    
20181101_20181207  -118.7   36   0.907   0.204    
20181101_20181219  -132.2   48   0.888   0.194    
20181113_20181207   -86.0   24   0.900   0.228    
20181113_20181219   -99.5   36   0.871   0.213    
20181113_20181225   -58.9   42   0.858   0.207    
20181207_20181219   -13.5   12   0.999   0.340    
20181207_20181225    27.1   18   0.998   0.317    
20181207_20181231    32.6   24   0.992   0.288    
20181219_20181225    40.6    6   0.999   0.390    
20181219_20181231    46.1   12   0.998   0.348    
20181219_20190106   -53.5   18   0.996   0.306    
20181225_20181231     5.5    6   0.999   0.369    
20181225_20190106   -94.1   12   0.998   0.353    
20181225_20190112    62.1   18   0.994   0.280    
20181231_20190106   -99.6    6   0.999   0.339    
20181231_20190112    56.6   12   0.999   0.342    
20181231_20190118   -34.4   18   0.996   0.300    
20190106_20190112   156.2    6   0.998   0.295    
20190106_20190118    65.2   12   0.998   0.341    
20190106_20190124    57.5   18   0.999   0.336    
20190106_20200101    99.1  360   0.719   0.190    
20190106_20200107    34.4  366   0.738   0.193    
20190106_20200113    82.8  372   0.726   0.190    
20190106_20200119    92.8  378   0.720   0.188    
20190106_20200125    66.8  384   0.736   0.193    
20190106_20200131   108.6  390   0.716   0.186    
20190112_20190118   -91.0    6   0.998   0.326    
20190112_20190124   -98.7   12   0.998   0.297    
20190112_20190130   -60.2   18   0.997   0.284    
20190112_20200101   -57.0  354   0.707   0.187    
20190112_20200107  -121.8  360   0.708   0.183    
20190112_20200113   -73.3  366   0.715   0.186    
20190112_20200119   -63.4  372   0.713   0.187    
20190112_20200125   -89.4  378   0.690   0.180    
20190112_20200131   -47.6  384   0.710   0.187    
20190118_20190124    -7.7    6   0.999   0.407    
20190118_20190130    30.8   12   0.998   0.350    
20190118_20190205     7.8   18   0.997   0.328    
20190118_20200101    34.0  348   0.730   0.195    
20190118_20200107   -30.7  354   0.735   0.193    
20190118_20200113    17.7  360   0.754   0.200    
20190118_20200119    27.6  366   0.725   0.193    
20190118_20200125     1.6  372   0.752   0.198    
20190118_20200131    43.4  378   0.729   0.191    
20190124_20190130    38.5    6   0.999   0.434    
20190124_20190205    15.5   12   0.999   0.399    
20190124_20190211    48.6   18   0.916   0.253    
20190124_20200101    41.7  342   0.750   0.198    
20190124_20200107   -23.1  348   0.764   0.201    
20190124_20200113    25.4  354   0.753   0.198    
20190124_20200119    35.3  360   0.752   0.201    
20190124_20200125     9.3  366   0.773   0.202    
20190124_20200131    51.1  372   0.762   0.198    
20190130_20190205   -23.1    6   0.999   0.424    
20190130_20190211    10.1   12   0.933   0.280    
20190130_20190217   -33.6   18   0.999   0.347    
20190130_20200101     3.1  336   0.765   0.202    
20190130_20200107   -61.6  342   0.736   0.192    
20190130_20200113   -13.2  348   0.750   0.199    
20190130_20200119    -3.2  354   0.763   0.200    
20190130_20200125   -29.2  360   0.761   0.201    
20190130_20200131    12.6  366   0.760   0.201    
20190205_20190211    33.1    6   0.947   0.282    
20190205_20190217   -10.5   12   0.999   0.410    
20190205_20190223    52.8   18   0.999   0.353    
20190205_20200206   -25.6  366   0.748   0.198    
20190205_20200212    54.1  372   0.748   0.193    
20190205_20200218    26.7  378   0.711   0.189    
20190205_20200224     0.8  384   0.783   0.204    
20190211_20190217   -43.7    6   0.953   0.289    
20190211_20190223    19.6   12   0.947   0.287    
20190211_20190301    18.6   18   0.913   0.264    
20190211_20200206   -58.8  360   0.709   0.190    
20190211_20200212    21.0  366   0.700   0.189    
20190211_20200218    -6.4  372   0.733   0.193    
20190211_20200224   -32.4  378   0.692   0.188    
20190217_20190223    63.3    6   0.999   0.446    
20190217_20190301    62.3   12   0.999   0.394    
20190217_20190307    52.3   18   0.873   0.247    
20190217_20200206   -15.1  354   0.762   0.204    
20190217_20200212    64.7  360   0.746   0.195    
20190217_20200218    37.3  366   0.723   0.193    
20190217_20200224    11.3  372   0.783   0.206    
20190223_20190301    -1.1    6   1.000   0.458    
20190223_20190307   -11.0   12   0.899   0.269    
20190223_20190313    11.7   18   0.999   0.343    
20190223_20200206   -78.4  348   0.756   0.198    
20190223_20200212     1.4  354   0.771   0.199    
20190223_20200218   -26.0  360   0.729   0.193    
20190223_20200224   -52.0  366   0.774   0.199    
20190301_20190307   -10.0    6   0.882   0.265    
20190301_20190313    12.7   12   0.999   0.344    
20190301_20190319   -67.1   18   0.999   0.332    
20190307_20190313    22.7    6   0.904   0.288    
20190307_20190319   -57.2   12   0.856   0.241    
20190307_20190325    -4.4   18   0.856   0.249    
20190313_20190319   -79.9    6   0.999   0.362    
20190313_20190325   -27.1   12   0.999   0.376    
20190313_20190331     3.9   18   0.999   0.338    
20190319_20190325    52.8    6   1.000   0.437    
20190319_20190331    83.8   12   0.999   0.385    
20190319_20190406    43.3   18   0.999   0.322    
20190325_20190331    31.0    6   1.000   0.495    
20190325_20190406    -9.5   12   0.999   0.352    
20190325_20190412    12.6   18   0.999   0.377    
20190331_20190406   -40.5    6   0.999   0.346    
20190331_20190412   -18.4   12   1.000   0.399    
20190331_20190424    85.0   24   0.997   0.347    
20190406_20190412    22.1    6   1.000   0.422    
20190406_20190424   125.6   18   0.995   0.311    
20190406_20190430    80.6   24   0.998   0.321    
20190412_20190424   103.4   12   0.999   0.388    
20190412_20190430    58.5   18   0.999   0.365    
20190412_20190506   -79.0   24   0.981   0.242    
20190424_20190430   -45.0    6   0.999   0.404    
20190424_20190506  -182.4   12   0.976   0.229    
20190424_20190512  -106.7   18   0.990   0.256    
20190430_20190506  -137.4    6   0.989   0.246    
20190430_20190512   -61.7   12   0.997   0.282    
20190430_20190518  -114.8   18   0.797   0.178    
20190506_20190512    75.7    6   0.995   0.337    
20190506_20190518    22.6   12   0.867   0.225    
20190506_20190524    71.3   18   0.957   0.213    
20190512_20190518   -53.1    6   0.868   0.219    
20190512_20190524    -4.5   12   0.975   0.250    
20190512_20190530    22.4   18   0.729   0.175    
20190518_20190524    48.7    6   0.880   0.201    
20190518_20190530    75.6   12   0.708   0.180    
20190518_20190605    14.9   18   0.728   0.185    
20190524_20190530    26.9    6   0.773   0.174    
20190524_20190605   -33.8   12   0.709   0.172    
20190524_20190611   -63.7   18   0.759   0.184    
20190530_20190605   -60.7    6   0.701   0.203    
20190530_20190611   -90.6   12   0.613   0.169    
20190530_20190617   -92.0   18   0.528   0.161    
20190605_20190611   -29.9    6   0.762   0.189    
20190605_20190617   -31.3   12   0.595   0.170    
20190605_20190623    28.5   18   0.707   0.178    
20190611_20190617    -1.4    6   0.814   0.225    
20190611_20190623    58.4   12   0.870   0.209    
20190611_20190629    64.9   18   0.126   0.147    
20190617_20190623    59.8    6   0.846   0.196    
20190617_20190629    66.2   12   0.129   0.149    
20190617_20190705     7.0   18   0.177   0.151    
20190623_20190629     6.4    6   0.125   0.148    
20190623_20190705   -52.8   12   0.206   0.150    
20190623_20190711    31.8   18   0.309   0.152    
20190629_20190705   -59.2    6   0.148   0.150    
20190629_20190711    25.4   12   0.139   0.150    
20190629_20190717   -39.1   18   0.133   0.149    
20190705_20190711    84.6    6   0.409   0.160    
20190705_20190717    20.1   12   0.296   0.153    
20190705_20190723   105.1   18   0.168   0.149    
20190711_20190717   -64.5    6   0.565   0.166    
20190711_20190723    20.5   12   0.216   0.152    
20190711_20190729   -30.5   18   0.410   0.157    
20190717_20190723    85.0    6   0.213   0.151    
20190717_20190729    34.0   12   0.456   0.159    
20190717_20190804    -4.7   18   0.452   0.157    
20190723_20190729   -51.0    6   0.267   0.154    
20190723_20190804   -89.7   12   0.196   0.150    
20190723_20190810    52.9   18   0.187   0.151    
20190729_20190804   -38.7    6   0.331   0.155    
20190729_20190810   103.9   12   0.259   0.151    
20190729_20190816   -53.4   18   0.270   0.153    
20190804_20190810   142.6    6   0.773   0.176    
20190804_20190816   -14.7   12   0.677   0.174    
20190804_20190822   129.5   18   0.629   0.164    
20190810_20190816  -157.3    6   0.766   0.181    
20190810_20190822   -13.1   12   0.715   0.187    
20190810_20190828  -148.2   18   0.423   0.152    
20190816_20190822   144.2    6   0.852   0.192    
20190816_20190828     9.2   12   0.543   0.163    
20190816_20190903    72.2   18   0.637   0.166    
20190822_20190828  -135.0    6   0.504   0.157    
20190822_20190903   -72.0   12   0.658   0.173    
20190822_20190909   -10.8   18   0.496   0.161    
20190828_20190903    63.0    6   0.578   0.163    
20190828_20190909   124.2   12   0.618   0.168    
20190828_20190915    -7.3   18   0.574   0.166    
20190903_20190909    61.2    6   0.742   0.180    
20190903_20190915   -70.3   12   0.451   0.157    
20190903_20190921    37.6   18   0.803   0.193    
20190909_20190915  -131.5    6   0.604   0.172    
20190909_20190921   -23.5   12   0.647   0.176    
20190909_20190927   -68.0   18   0.578   0.171    
20190915_20190921   107.9    6   0.502   0.158    
20190915_20190927    63.4   12   0.489   0.160    
20190915_20191003   113.5   18   0.501   0.160    
20190921_20190927   -44.5    6   0.838   0.201    
20190921_20191003     5.6   12   0.743   0.181    
20190921_20191009   -66.3   18   0.821   0.193    
20190927_20191003    50.1    6   0.801   0.196    
20190927_20191009   -21.8   12   0.952   0.248    
20190927_20191015   -65.0   18   0.929   0.214    
20191003_20191009   -71.9    6   0.826   0.203    
20191003_20191015  -115.1   12   0.773   0.189    
20191003_20191021   -46.5   18   0.734   0.181    
20191009_20191015   -43.2    6   0.939   0.254    
20191009_20191021    25.4   12   0.904   0.225    
20191009_20191027  -107.8   18   0.774   0.189    
20191015_20191021    68.6    6   0.932   0.231    
20191015_20191027   -64.6   12   0.839   0.206    
20191015_20191108    32.1   24   0.939   0.217    
20191021_20191027  -133.2    6   0.928   0.230    
20191021_20191108   -36.5   18   0.940   0.233    
20191021_20191114   -24.5   24   0.899   0.219    
20191027_20191108    96.7   12   0.910   0.214    
20191027_20191114   108.8   18   0.852   0.198    
20191027_20191120   194.0   24   0.775   0.182    
20191108_20191114    12.0    6   0.996   0.337    
20191108_20191120    97.2   12   0.985   0.273    
20191108_20191126   -72.5   18   0.921   0.232    
20191114_20191120    85.2    6   0.998   0.337    
20191114_20191126   -84.5   12   0.940   0.251    
20191114_20191202    25.4   18   0.992   0.285    
20191120_20191126  -169.7    6   0.939   0.252    
20191120_20191202   -59.8   12   0.997   0.330    
20191120_20191208  -135.7   18   0.987   0.275    
20191126_20191202   109.9    6   0.968   0.263    
20191126_20191208    34.0   12   0.963   0.264    
20191126_20191214    64.6   18   0.955   0.243    
20191202_20191208   -75.9    6   0.999   0.365    
20191202_20191214   -45.3   12   0.999   0.356    
20191202_20191220   -22.1   18   0.934   0.263    
20191208_20191214    30.7    6   0.999   0.402    
20191208_20191220    53.8   12   0.935   0.270    
20191208_20191226   -18.2   18   0.998   0.313    
20191214_20191220    23.2    6   0.964   0.301    
20191214_20191226   -48.8   12   0.999   0.352    
20191214_20200101    16.8   18   0.999   0.335    
20191220_20191226   -72.0    6   0.973   0.289    
20191220_20200101    -6.4   12   0.954   0.284    
20191220_20200107   -71.1   18   0.942   0.259    
20191226_20200101    65.6    6   0.999   0.362    
20191226_20200107     0.9   12   0.999   0.387    
20191226_20200113    49.3   18   0.999   0.323    
20200101_20200107   -64.7    6   0.999   0.382    
20200101_20200113   -16.3   12   0.999   0.365    
20200101_20200119    -6.4   18   0.999   0.365    
20200101_20210101   -40.4  366   0.767   0.196    
20200101_20210107   -46.8  372   0.762   0.194    
20200101_20210113   -63.0  378   0.741   0.190    
20200101_20210119    -3.7  384   0.792   0.200    
20200101_20210125   -63.7  390   0.759   0.192    
20200101_20210131     8.8  396   0.669   0.186    
20200107_20200113    48.4    6   0.999   0.390    
20200107_20200119    58.4   12   0.999   0.363    
20200107_20200125    32.4   18   0.999   0.332    
20200107_20210101    24.3  360   0.798   0.202    
20200107_20210107    17.9  366   0.791   0.198    
20200107_20210113     1.8  372   0.809   0.204    
20200107_20210119    61.1  378   0.769   0.192    
20200107_20210125     1.1  384   0.804   0.200    
20200107_20210131    73.6  390   0.648   0.180    
20200113_20200119     9.9    6   1.000   0.429    
20200113_20200125   -16.0   12   0.999   0.370    
20200113_20200131    25.8   18   0.999   0.347    
20200113_20210101   -24.1  354   0.808   0.201    
20200113_20210107   -30.5  360   0.793   0.200    
20200113_20210113   -46.7  366   0.783   0.195    
20200113_20210119    12.6  372   0.796   0.200    
20200113_20210125   -47.4  378   0.769   0.192    
20200113_20210131    25.1  384   0.674   0.187    
20200119_20200125   -26.0    6   1.000   0.456    
20200119_20200131    15.8   12   1.000   0.441    
20200119_20200206   -45.5   18   0.999   0.346    
20200119_20210101   -34.1  348   0.800   0.200    
20200119_20210107   -40.4  354   0.785   0.196    
20200119_20210113   -56.6  360   0.772   0.195    
20200119_20210119     2.7  366   0.816   0.202    
20200119_20210125   -57.3  372   0.795   0.198    
20200119_20210131    15.2  378   0.672   0.185    
20200125_20200131    41.8    6   0.999   0.502    
20200125_20200206   -19.5   12   1.000   0.402    
20200125_20200212    60.3   18   0.999   0.322    
20200125_20210101    -8.1  342   0.805   0.199    
20200125_20210107   -14.5  348   0.810   0.200    
20200125_20210113   -30.6  354   0.788   0.194    
20200125_20210119    28.7  360   0.819   0.202    
20200125_20210125   -31.3  366   0.829   0.201    
20200125_20210131    41.2  372   0.658   0.183    
20200131_20200206   -61.3    6   0.999   0.418    
20200131_20200212    18.5   12   0.999   0.374    
20200131_20200218    -8.9   18   0.999   0.296    
20200131_20210101   -49.9  336   0.805   0.199    
20200131_20210107   -56.3  342   0.795   0.195    
20200131_20210113   -72.4  348   0.792   0.194    
20200131_20210119   -13.1  354   0.829   0.202    
20200131_20210125   -73.1  360   0.827   0.200    
20200131_20210131    -0.6  366   0.671   0.186    
20200206_20200212    79.8    6   0.999   0.390    
20200206_20200218    52.4   12   0.999   0.345    
20200206_20200224    26.4   18   0.999   0.346    
20200206_20210206    28.0  366   0.775   0.195    
20200206_20210212    29.9  372   0.780   0.197    
20200206_20210218    71.4  378   0.771   0.193    
20200206_20210224    11.0  384   0.791   0.201    
20200212_20200218   -27.4    6   0.999   0.387    
20200212_20200224   -53.4   12   0.999   0.370    
20200212_20200301   -14.8   18   0.999   0.334    
20200212_20210206   -51.7  360   0.774   0.195    
20200212_20210212   -49.8  366   0.781   0.195    
20200212_20210218    -8.3  372   0.806   0.201    
20200212_20210224   -68.8  378   0.758   0.190    
20200218_20200224   -26.0    6   0.999   0.346    
20200218_20200301    12.6   12   0.999   0.318    
20200218_20200307   -25.1   18   0.995   0.301    
20200218_20210206   -24.3  354   0.761   0.193    
20200218_20210212   -22.4  360   0.759   0.197    
20200218_20210218    19.0  366   0.754   0.194    
20200218_20210224   -41.4  372   0.753   0.192    
20200224_20200301    38.6    6   0.999   0.441    
20200224_20200307     0.8   12   0.999   0.442    
20200224_20200313    81.4   18   0.999   0.364    
20200224_20210206     1.6  348   0.802   0.203    
20200224_20210212     3.5  354   0.804   0.202    
20200224_20210218    45.0  360   0.808   0.200    
20200224_20210224   -15.4  366   0.804   0.200    
20200301_20200307   -37.8    6   0.999   0.478    
20200301_20200313    42.8   12   0.999   0.429    
20200301_20200319    11.6   18   0.999   0.422    
20200307_20200313    80.6    6   0.999   0.470    
20200307_20200319    49.4   12   0.999   0.477    
20200307_20200325     5.5   18   0.978   0.311    
20200313_20200319   -31.2    6   1.000   0.509    
20200313_20200325   -75.0   12   0.983   0.314    
20200313_20200331    -5.3   18   0.999   0.386    
20200319_20200325   -43.9    6   0.990   0.327    
20200319_20200331    25.9   12   0.999   0.407    
20200319_20200406   -62.5   18   0.999   0.383    
20200325_20200331    69.8    6   0.992   0.361    
20200325_20200406   -18.6   12   0.987   0.322    
20200325_20200412    79.6   18   0.985   0.318    
20200331_20200406   -88.4    6   0.999   0.389    
20200331_20200412     9.9   12   1.000   0.453    
20200331_20200418   -16.7   18   0.999   0.401    
20200406_20200412    98.3    6   0.999   0.468    
20200406_20200418    71.7   12   0.999   0.423    
20200406_20200424    91.7   18   0.876   0.210    
20200412_20200418   -26.6    6   1.000   0.509    
20200412_20200424    -6.5   12   0.931   0.244    
20200412_20200430    10.7   18   0.998   0.304    
20200418_20200424    20.1    6   0.920   0.240    
20200418_20200430    37.2   12   0.996   0.305    
20200418_20200506   -75.6   18   0.986   0.268    
20200424_20200430    17.2    6   0.936   0.230    
20200424_20200506   -95.7   12   0.881   0.205    
20200424_20200512   -39.2   18   0.808   0.182    
20200430_20200506  -112.9    6   0.999   0.355    
20200430_20200512   -56.4   12   0.947   0.241    
20200430_20200518  -115.6   18   0.997   0.290    
20200506_20200512    56.5    6   0.954   0.246    
20200506_20200518    -2.7   12   0.999   0.321    
20200506_20200524    54.7   18   0.968   0.225    
20200512_20200518   -59.2    6   0.955   0.254    
20200512_20200524    -1.8   12   0.924   0.217    
20200512_20200530    39.6   18   0.935   0.209    
20200518_20200524    57.4    6   0.994   0.292    
20200518_20200530    98.7   12   0.999   0.252    
20200518_20200605   -52.4   18   0.997   0.247    
20200524_20200530    41.4    6   0.971   0.233    
20200524_20200605  -109.8   12   0.959   0.215    
20200524_20200611    -5.7   18   0.890   0.224    
20200530_20200605  -151.2    6   0.997   0.271    
20200530_20200611   -47.1   12   0.880   0.210    
20200530_20200617   -76.1   18   0.401   0.154    
20200605_20200611   104.1    6   0.908   0.224    
20200605_20200617    75.1   12   0.427   0.155    
20200605_20200623    50.1   18   0.449   0.160    
20200611_20200617   -29.0    6   0.509   0.172    
20200611_20200623   -54.0   12   0.496   0.166    
20200611_20200705  -102.0   24   0.205   0.148    
20200617_20200623   -24.9    6   0.503   0.173    
20200617_20200705   -73.0   18   0.231   0.152    
20200617_20200711     9.3   24   0.304   0.153    
20200623_20200705   -48.0   12   0.283   0.155    
20200623_20200711    34.2   18   0.424   0.159    
20200623_20200717    30.5   24   0.450   0.162    
20200705_20200711    82.3    6   0.305   0.154    
20200705_20200717    78.5   12   0.239   0.152    
20200705_20200723    61.5   18   0.200   0.150    
20200711_20200717    -3.8    6   0.475   0.163    
20200711_20200723   -20.8   12   0.334   0.155    
20200711_20200729    88.2   18   0.363   0.154    
20200717_20200723   -17.0    6   0.373   0.164    
20200717_20200729    91.9   12   0.436   0.162    
20200717_20200804   -24.5   18   0.640   0.177    
20200723_20200729   108.9    6   0.365   0.163    
20200723_20200804    -7.5   12   0.388   0.164    
20200723_20200810   141.1   18   0.326   0.152    
20200729_20200804  -116.4    6   0.477   0.167    
20200729_20200810    32.1   12   0.414   0.163    
20200729_20200816   -44.8   18   0.404   0.164    
20200804_20200810   148.6    6   0.624   0.170    
20200804_20200816    71.7   12   0.538   0.165    
20200804_20200822    19.9   18   0.654   0.175    
20200810_20200816   -76.9    6   0.719   0.178    
20200810_20200822  -128.7   12   0.621   0.166    
20200810_20200828     2.7   18   0.651   0.176    
20200816_20200822   -51.8    6   0.722   0.179    
20200816_20200828    79.6   12   0.604   0.168    
20200816_20200903   -89.0   18   0.541   0.163    
20200822_20200828   131.4    6   0.831   0.198    
20200822_20200903   -37.2   12   0.812   0.222    
20200822_20200915    39.5   24   0.740   0.201    
20200828_20200903  -168.6    6   0.849   0.206    
20200828_20200915   -91.9   18   0.713   0.180    
20200828_20200921   -66.3   24   0.677   0.172    
20200903_20200915    76.7   12   0.797   0.217    
20200903_20200921   102.3   18   0.756   0.189    
20200903_20200927   101.5   24   0.721   0.177    
20200915_20200921    25.7    6   0.886   0.253    
20200915_20200927    24.8   12   0.832   0.204    
20200915_20201003   -37.5   18   0.692   0.182    
20200921_20200927    -0.9    6   0.927   0.246    
20200921_20201003   -63.2   12   0.763   0.190    
20200921_20201009    53.0   18   0.905   0.221    
20200927_20201003   -62.3    6   0.835   0.198    
20200927_20201009    53.9   12   0.940   0.237    
20200927_20201015   -60.6   18   0.895   0.204    
20201003_20201009   116.2    6   0.830   0.199    
20201003_20201015     1.7   12   0.801   0.190    
20201003_20201021   -22.9   18   0.757   0.179    
20201009_20201015  -114.5    6   0.958   0.245    
20201009_20201021  -139.1   12   0.937   0.223    
20201009_20201027   -93.6   18   0.606   0.167    
20201015_20201021   -24.6    6   0.991   0.323    
20201015_20201027    20.8   12   0.699   0.185    
20201015_20201102   -37.5   18   0.965   0.252    
20201021_20201027    45.5    6   0.751   0.197    
20201021_20201102   -12.9   12   0.991   0.301    
20201021_20201108    95.3   18   0.976   0.263    
20201027_20201102   -58.3    6   0.783   0.200    
20201027_20201108    49.8   12   0.748   0.195    
20201027_20201120    61.8   24   0.757   0.186    
20201102_20201108   108.1    6   0.998   0.336    
20201102_20201120   120.1   18   0.956   0.226    
20201102_20201126     1.0   24   0.987   0.276    
20201108_20201120    12.0   12   0.983   0.268    
20201108_20201126  -107.1   18   0.989   0.279    
20201108_20201202  -135.0   24   0.983   0.265    
20201120_20201126  -119.1    6   0.996   0.283    
20201120_20201202  -146.9   12   0.990   0.259    
20201120_20201208   -60.2   18   0.982   0.255    
20201126_20201202   -27.8    6   0.999   0.365    
20201126_20201208    58.9   12   0.998   0.324    
20201126_20201214   -11.8   18   0.997   0.283    
20201202_20201208    86.8    6   0.999   0.396    
20201202_20201214    16.0   12   0.998   0.302    
20201202_20201220    78.4   18   0.971   0.256    
20201208_20201214   -70.8    6   0.998   0.289    
20201208_20201220    -8.4   12   0.981   0.295    
20201208_20201226   -76.1   18   0.998   0.323    
20201214_20201220    62.4    6   0.993   0.314    
20201214_20201226    -5.4   12   0.999   0.318    
20201214_20210101    25.1   18   0.998   0.299    
20201220_20201226   -67.7    6   0.984   0.306    
20201220_20210101   -37.3   12   0.989   0.317    
20201220_20210107   -43.7   18   0.983   0.287    
20201226_20210101    30.4    6   0.999   0.419    
20201226_20210107    24.1   12   0.999   0.369    
20201226_20210113     7.9   18   0.999   0.343    
20210101_20210107    -6.4    6   0.999   0.450    
20210101_20210113   -22.5   12   0.999   0.411    
20210101_20210119    36.8   18   0.999   0.353    
20210101_20220102   -67.6  366   0.666   0.182    
20210101_20220114     9.5  378   0.766   0.193    
20210101_20220126    29.4  390   0.766   0.192    
20210107_20210113   -16.1    6   0.999   0.434    
20210107_20210119    43.2   12   0.999   0.380    
20210107_20210125   -16.8   18   0.999   0.338    
20210107_20220102   -61.3  360   0.674   0.184    
20210107_20220114    15.8  372   0.775   0.195    
20210107_20220126    35.8  384   0.770   0.193    
20210113_20210119    59.3    6   0.999   0.399    
20210113_20210125    -0.7   12   1.000   0.377    
20210113_20210131    71.8   18   0.897   0.243    
20210113_20220102   -45.1  354   0.674   0.185    
20210113_20220114    32.0  366   0.750   0.189    
20210113_20220126    52.0  378   0.757   0.189    
20210119_20210125   -60.0    6   0.999   0.433    
20210119_20210131    12.5   12   0.906   0.259    
20210119_20210206   -20.1   18   0.999   0.342    
20210119_20220102  -104.4  348   0.657   0.179    
20210119_20220114   -27.3  360   0.796   0.198    
20210119_20220126    -7.3  372   0.807   0.199    
20210125_20210131    72.5    6   0.888   0.247    
20210125_20210206    39.8   12   0.999   0.349    
20210125_20210212    41.7   18   0.999   0.325    
20210125_20220102   -44.4  342   0.675   0.184    
20210125_20220114    32.7  354   0.790   0.195    
20210125_20220126    52.7  366   0.799   0.194    
20210131_20210206   -32.6    6   0.935   0.293    
20210131_20210212   -30.7   12   0.923   0.286    
20210131_20210218    10.8   18   0.905   0.276    
20210131_20220102  -116.9  336   0.699   0.183    
20210131_20220114   -39.8  348   0.696   0.184    
20210131_20220126   -19.8  360   0.697   0.185    
20210206_20210212     1.9    6   1.000   0.472    
20210206_20210218    43.4   12   0.999   0.387    
20210206_20210224   -17.1   18   0.999   0.361    
20210206_20220207    58.2  366   0.764   0.188    
20210206_20220219    42.2  378   0.765   0.188    
20210212_20210218    41.5    6   0.999   0.451    
20210212_20210224   -19.0   12   0.999   0.394    
20210212_20210302    20.6   18   0.999   0.371    
20210212_20220207    56.3  360   0.769   0.192    
20210212_20220219    40.3  372   0.780   0.192    
20210218_20210224   -60.5    6   0.999   0.421    
20210218_20210302   -20.9   12   0.999   0.412    
20210218_20210308   -40.5   18   0.999   0.374    
20210218_20220207    14.9  354   0.799   0.198    
20210218_20220219    -1.2  366   0.805   0.197    
20210224_20210302    39.5    6   0.999   0.469    
20210224_20210308    19.9   12   1.000   0.448    
20210224_20210314     5.4   18   1.000   0.386    
20210224_20220207    75.3  348   0.802   0.191    
20210224_20220219    59.2  360   0.803   0.191    
20210302_20210308   -19.6    6   1.000   0.500    
20210302_20210314   -34.1   12   0.999   0.411    
20210302_20210320    -2.7   18   0.992   0.308    
20210308_20210314   -14.5    6   1.000   0.439    
20210308_20210320    16.9   12   0.992   0.322    
20210308_20210326    -3.8   18   0.969   0.269    
20210314_20210320    31.4    6   0.994   0.340    
20210314_20210326    10.7   12   0.978   0.298    
20210314_20210401    -6.4   18   0.999   0.403    
20210320_20210326   -20.7    6   0.996   0.360    
20210320_20210401   -37.7   12   0.994   0.352    
20210320_20210407     6.4   18   0.994   0.355    
20210326_20210401   -17.0    6   0.981   0.313    
20210326_20210407    27.1   12   0.992   0.348    
20210326_20210413    35.9   18   0.970   0.275    
20210401_20210407    44.2    6   0.978   0.379    
20210401_20210413    53.0   12   0.999   0.421    
20210401_20210419    92.1   18   0.999   0.373    
20210407_20210413     8.8    6   0.970   0.377    
20210407_20210419    47.9   12   0.956   0.352    
20210407_20210425   -44.2   18   0.950   0.306    
20210413_20210419    39.1    6   1.000   0.459    
20210413_20210425   -53.0   12   1.000   0.413    
20210413_20210501   -56.1   18   0.931   0.262    
20210419_20210425   -92.1    6   0.999   0.408    
20210419_20210501   -95.2   12   0.919   0.254    
20210419_20210507   -30.6   18   0.942   0.220    
20210425_20210501    -3.1    6   0.951   0.274    
20210425_20210507    61.5   12   0.946   0.239    
20210425_20210513    65.4   18   0.991   0.252    
20210501_20210507    64.6    6   0.889   0.196    
20210501_20210513    68.5   12   0.889   0.196    
20210501_20210525    31.3   24   0.934   0.220    
20210507_20210513     4.0    6   0.980   0.291    
20210507_20210525   -33.2   18   0.925   0.223    
20210507_20210531   -27.6   24   0.865   0.197    
20210513_20210525   -37.2   12   0.970   0.248    
20210513_20210531   -31.5   18   0.894   0.198    
20210513_20210606    58.1   24   0.981   0.222    
20210525_20210531     5.6    6   0.973   0.275    
20210525_20210606    95.3   12   0.972   0.237    
20210525_20210612    15.9   18   0.964   0.229    
20210531_20210606    89.6    6   0.949   0.219    
20210531_20210612    10.3   12   0.969   0.235    
20210531_20210618    65.8   18   0.869   0.179    
20210606_20210612   -79.4    6   0.990   0.283    
20210606_20210618   -23.8   12   0.996   0.244    
20210606_20210624  -162.8   18   0.804   0.188    
20210612_20210618    55.6    6   0.971   0.209    
20210612_20210624   -83.4   12   0.864   0.211    
20210612_20210712   -63.0   30   0.642   0.165    
20210618_20210624  -139.0    6   0.788   0.185    
20210618_20210712  -118.5   24   0.661   0.167    
20210618_20210718     7.1   30   0.742   0.173    
20210624_20210712    20.4   18   0.548   0.162    
20210624_20210718   146.0   24   0.497   0.154    
20210624_20210724    34.7   30   0.684   0.169    
20210712_20210718   125.6    6   0.865   0.194    
20210712_20210724    14.3   12   0.739   0.179    
20210712_20210730    35.6   18   0.712   0.174    
20210718_20210724  -111.4    6   0.947   0.199    
20210718_20210730   -90.0   12   0.863   0.182    
20210718_20210805  -110.1   18   0.730   0.168    
20210724_20210730    21.4    6   0.995   0.291    
20210724_20210805     1.2   12   0.966   0.244    
20210724_20210811    -9.2   18   0.943   0.216    
20210730_20210805   -20.1    6   0.984   0.265    
20210730_20210811   -30.5   12   0.951   0.229    
20210730_20210817    39.4   18   0.641   0.171    
20210805_20210811   -10.4    6   0.995   0.283    
20210805_20210817    59.5   12   0.668   0.175    
20210805_20210823     7.9   18   0.240   0.152    
20210811_20210817    69.9    6   0.648   0.170    
20210811_20210823    18.3   12   0.230   0.151    
20210811_20210829   153.4   18   0.434   0.150    
20210817_20210823   -51.6    6   0.278   0.155    
20210817_20210829    83.5   12   0.522   0.162    
20210817_20210904    -0.6   18   0.634   0.173    
20210823_20210829   135.1    6   0.263   0.150    
20210823_20210904    50.9   12   0.243   0.152    
20210823_20210910    17.5   18   0.247   0.153    
20210829_20210904   -84.2    6   0.654   0.168    
20210829_20210910  -117.6   12   0.621   0.163    
20210829_20210916   -50.6   18   0.626   0.163    
20210904_20210910   -33.5    6   0.941   0.260    
20210904_20210916    33.6   12   0.745   0.176    
20210904_20210922   -42.3   18   0.899   0.202    
20210910_20210916    67.0    6   0.750   0.175    
20210910_20210922    -8.8   12   0.955   0.236    
20210910_20210928   112.8   18   0.941   0.208    
20210916_20210922   -75.9    6   0.752   0.175    
20210916_20210928    45.8   12   0.714   0.170    
20210916_20211004    23.2   18   0.734   0.174    
20210922_20210928   121.7    6   0.957   0.239    
20210922_20211004    99.1   12   0.902   0.195    
20210922_20211010    63.3   18   0.944   0.209    
20210928_20211004   -22.6    6   0.958   0.219    
20210928_20211010   -58.3   12   0.982   0.248    
20210928_20211016   -46.5   18   0.913   0.197    
20211004_20211010   -35.8    6   0.942   0.210    
20211004_20211016   -23.9   12   0.941   0.227    
20211004_20211022   -84.8   18   0.885   0.184    
20211010_20211016    11.9    6   0.957   0.219    
20211010_20211022   -49.0   12   0.991   0.275    
20211010_20211028    51.7   18   0.982   0.235    
20211016_20211022   -60.9    6   0.943   0.212    
20211016_20211028    39.8   12   0.897   0.199    
20211016_20211109    11.4   24   0.809   0.185    
20211022_20211028   100.7    6   0.997   0.306    
20211022_20211109    72.2   18   0.979   0.244    
20211022_20211115    12.9   24   0.887   0.233    
20211028_20211109   -28.4   12   0.996   0.314    
20211028_20211115   -87.8   18   0.870   0.241    
20211028_20211121   -99.5   24   0.981   0.256    
20211109_20211115   -59.4    6   0.934   0.305    
20211109_20211121   -71.0   12   0.998   0.331    
20211109_20211127    -6.5   18   0.995   0.301    
20211115_20211121   -11.7    6   0.945   0.303    
20211115_20211127    52.9   12   0.924   0.283    
20211115_20211203   -49.2   18   0.950   0.259    
20211121_20211127    64.6    6   0.999   0.378    
20211121_20211203   -37.6   12   0.987   0.323    
20211121_20211209    62.5   18   0.991   0.291    
20211127_20211203  -102.1    6   0.984   0.331    
20211127_20211209    -2.0   12   0.997   0.358    
20211127_20211215   -64.8   18   0.994   0.299    
20211203_20211209   100.1    6   0.981   0.314    
20211203_20211215    37.3   12   0.996   0.325    
20211203_20211221   -10.1   18   0.990   0.285    
20211209_20211215   -62.8    6   0.997   0.342    
20211209_20211221  -110.2   12   0.995   0.323    
20211209_20220102  -157.5   24   0.828   0.229    
20211215_20211221   -47.4    6   0.999   0.370    
20211215_20220102   -94.7   18   0.877   0.248    
20211215_20220114   -17.7   30   0.997   0.300    
20211221_20220102   -47.3   12   0.885   0.260    
20211221_20220114    29.8   24   0.998   0.331    
20211221_20220126    49.7   36   0.998   0.308    
20220102_20220114    77.1   12   0.896   0.267    
20220102_20220126    97.1   24   0.867   0.243    
20220102_20220207   142.5   36   0.815   0.218    
20220102_20230109    20.2  372   0.682   0.186    
20220102_20230121    25.5  384   0.677   0.186    
20220114_20220126    20.0   12   0.999   0.439    
20220114_20220207    65.4   24   0.998   0.332    
20220114_20220219    49.3   36   0.998   0.307    
20220114_20230109   -56.9  360   0.764   0.194    
20220114_20230121   -51.6  372   0.757   0.193    
20220126_20220207    45.4   12   1.000   0.406    
20220126_20220219    29.4   24   0.999   0.353    
20220126_20220315   -25.0   48   0.997   0.308    
20220126_20230109   -76.8  348   0.769   0.193    
20220126_20230121   -71.5  360   0.778   0.193    
20220207_20220219   -16.1   12   1.000   0.456    
20220207_20220315   -70.5   36   0.999   0.321    
20220207_20220327    24.3   48   0.996   0.287    
20220207_20230214   -57.0  372   0.763   0.195    
20220207_20230226    27.7  384   0.802   0.199    
20220219_20220315   -54.4   24   0.999   0.346    
20220219_20220327    40.4   36   0.998   0.295    
20220219_20220408   -18.7   48   0.998   0.270    
20220219_20230214   -40.9  360   0.789   0.198    
20220219_20230226    43.7  372   0.823   0.200    
20220315_20220327    94.8   12   0.999   0.344    
20220315_20220408    35.7   24   0.999   0.311    
20220315_20220420    64.7   36   0.856   0.192    
20220327_20220408   -59.1   12   0.999   0.376    
20220327_20220420   -30.1   24   0.919   0.207    
20220327_20220502  -103.1   36   0.561   0.157    
20220408_20220420    29.1   12   0.933   0.220    
20220408_20220502   -44.0   24   0.609   0.163    
20220408_20220514    64.3   36   0.879   0.184    
20220420_20220502   -73.1   12   0.499   0.157    
20220420_20220514    35.3   24   0.817   0.177    
20220420_20220526   -36.9   36   0.431   0.158    
20220502_20220514   108.4   12   0.721   0.170    
20220502_20220526    36.2   24   0.504   0.162    
20220502_20220607   196.2   36   0.456   0.149    
20220514_20220526   -72.1   12   0.642   0.177    
20220514_20220607    87.9   24   0.734   0.171    
20220514_20220619   -33.5   36   0.772   0.181    
20220526_20220607   160.0   12   0.598   0.167    
20220526_20220619    38.7   24   0.622   0.177    
20220526_20220701    -7.8   36   0.178   0.151    
20220607_20220619  -121.4   12   0.774   0.194    
20220607_20220701  -167.8   24   0.160   0.145    
20220607_20220713  -201.1   36   0.137   0.142    
20220619_20220701   -46.4   12   0.189   0.151    
20220619_20220713   -79.7   24   0.162   0.149    
20220619_20220725    11.4   36   0.430   0.152    
20220701_20220713   -33.3   12   0.224   0.152    
20220701_20220725    57.8   24   0.181   0.147    
20220701_20220806   156.9   36   0.137   0.144    
20220713_20220725    91.1   12   0.166   0.146    
20220713_20220806   190.2   24   0.122   0.142    
20220713_20220818   108.1   36   0.151   0.147    
20220725_20220806    99.1   12   0.366   0.154    
20220725_20220818    17.0   24   0.299   0.151    
20220725_20220830   -39.2   36   0.424   0.155    
20220806_20220818   -82.1   12   0.228   0.151    
20220806_20220830  -138.3   24   0.281   0.149    
20220806_20220911   -80.0   36   0.291   0.151    
20220818_20220830   -56.2   12   0.285   0.152    
20220818_20220911     2.1   24   0.262   0.151    
20220818_20220923  -264.5   36   0.177   0.139    
20220830_20220911    58.3   12   0.821   0.191    
20220830_20220923  -208.3   24   0.743   0.162    
20220830_20221005   -21.2   36   0.730   0.168    
20220911_20220923  -266.6   12   0.825   0.175    
20220911_20221005   -79.5   24   0.789   0.176    
20220911_20221017    31.4   36   0.715   0.170    
20220923_20221005   187.1   12   0.871   0.189    
20220923_20221017   298.1   24   0.722   0.162    
20220923_20221029   268.4   36   0.606   0.156    
20221005_20221017   111.0   12   0.909   0.202    
20221005_20221029    81.3   24   0.793   0.183    
20221005_20221110  -107.4   36   0.805   0.179    
20221017_20221029   -29.7   12   0.880   0.226    
20221017_20221110  -218.3   24   0.849   0.189    
20221017_20221122   -37.9   36   0.881   0.199    
20221029_20221110  -188.6   12   0.854   0.206    
20221029_20221122    -8.2   24   0.846   0.207    
20221029_20221204   -57.4   36   0.803   0.194    
20221110_20221122   180.4   12   0.988   0.266    
20221110_20221204   131.2   24   0.975   0.232    
20221110_20221216   113.9   36   0.943   0.218    
20221122_20221204   -49.2   12   0.998   0.311    
20221122_20221216   -66.4   24   0.993   0.270    
20221122_20221228   -37.9   36   0.986   0.254    
20221204_20221216   -17.3   12   0.999   0.358    
20221204_20221228    11.3   24   0.998   0.317    
20221204_20230109   -93.1   36   0.991   0.270    
20221216_20221228    28.6   12   0.999   0.377    
20221216_20230109   -75.9   24   0.997   0.311    
20221216_20230121   -70.6   36   0.995   0.286    
20221228_20230109  -104.5   12   0.999   0.379    
20221228_20230121   -99.1   24   0.999   0.332    
20221228_20230214   -39.1   48   0.994   0.289    
