20180105
20180117
20180129
20180210
20180222
20180306
20180318
20180330
20180411
20180423
20180505
20180517
20180529
20180622
20180704
20180728
20180809
20180821
20180902
20180914
20180926
20181008
20181101
20181113
20181207
20181219
20181225
20181231
20190106
20190112
20190118
20190124
20190130
20190205
20190211
20190217
20190223
20190301
20190307
20190313
20190319
20190325
20190331
20190406
20190412
20190424
20190430
20190506
20190512
20190518
20190524
20190530
20190605
20190611
20190617
20190623
20190629
20190705
20190711
20190717
20190723
20190729
20190804
20190810
20190816
20190822
20190828
20190903
20190909
20190915
20190921
20190927
20191003
20191009
20191015
20191021
20191027
20191108
20191114
20191120
20191126
20191202
20191208
20191214
20191220
20191226
20200101
20200107
20200113
20200119
20200125
20200131
20200206
20200212
20200218
20200224
20200301
20200307
20200313
20200319
20200325
20200331
20200406
20200412
20200418
20200424
20200430
20200506
20200512
20200518
20200524
20200530
20200605
20200611
20200617
20200623
20200705
20200711
20200717
20200723
20200729
20200804
20200810
20200816
20200822
20200828
20200903
20200915
20200921
20200927
20201003
20201009
20201015
20201021
20201027
20201102
20201108
20201120
20201126
20201202
20201208
20201214
20201220
20201226
20210101
20210107
20210113
20210119
20210125
20210131
20210206
20210212
20210218
20210224
20210302
20210308
20210314
20210320
20210326
20210401
20210407
20210413
20210419
20210425
20210501
20210507
20210513
20210525
20210531
20210606
20210612
20210618
20210624
20210712
20210718
20210724
20210730
20210805
20210811
20210817
20210823
20210829
20210904
20210910
20210916
20210922
20210928
20211004
20211010
20211016
20211022
20211028
20211109
20211115
20211121
20211127
20211203
20211209
20211215
20211221
20220102
20220114
20220126
20220207
20220219
20220315
20220327
20220408
20220420
20220502
20220514
20220526
20220607
20220619
20220701
20220713
20220725
20220806
20220818
20220830
20220911
20220923
20221005
20221017
20221029
20221110
20221122
20221204
20221216
20221228
20230109
20230121
20230214
20230226
